120 0.0 810024960 1666484357.3926048
240 0.0 812302336 1666484357.47568
360 0.0 813826048 1666484357.554302
480 0.0 816185344 1666484357.649034
600 0.0 818135040 1666484357.741272
720 0.0 820445184 1666484357.856441
840 0.0 823083008 1666484357.955366
960 0.0 825655296 1666484358.147625
1080 0.0 828112896 1666484358.266144
1200 0.0 830095360 1666484358.356836
1320 0.0 832487424 1666484358.4502661
1440 0.0 834797568 1666484358.544023
1560 0.0 836485120 1666484358.642007
1680 0.0 838828032 1666484358.737354
1800 0.0 840990720 1666484358.827683
1920 0.0 843300864 1666484358.9389498
2040 0.0 845955072 1666484359.043988
2160 0.0 848232448 1666484359.207924
2280 0.0 850739200 1666484359.335213
2400 0.0 853196800 1666484359.4806578
2520 0.0 855588864 1666484359.583869
2640 0.0 857636864 1666484359.675854
2760 0.0 858783744 1666484359.752573
2880 0.0 861552640 1666484359.841461
3000 0.0 863617024 1666484359.930957
3120 0.0 865468416 1666484360.0117571
3240 0.0 867303424 1666484360.09372
3360 0.0 869908480 1666484360.182792
3480 0.0 872136704 1666484360.2788658
3600 0.0 874463232 1666484360.3785348
3720 0.0 877133824 1666484360.4903622
3840 0.0 879525888 1666484360.611895
3960 0.0 881360896 1666484360.711627
4080 0.001 883589120 1666484360.813591
4200 0.001 886128640 1666484360.904874
4320 0.001 887996416 1666484360.9867651
4440 0.001 890077184 1666484361.071123
4560 0.001 892256256 1666484361.1646268
4680 0.001 894681088 1666484361.2681448
4800 0.001 897204224 1666484361.3701289
4920 0.001 899710976 1666484361.462455
5040 0.001 901611520 1666484361.546619
5160 0.001 904183808 1666484361.64271
5280 0.001 906854400 1666484361.746423
5400 0.001 908705792 1666484361.847214
5520 0.001 910524416 1666484361.9573278
5640 0.001 911802368 1666484362.071983
5760 0.001 914997248 1666484362.1784132
5880 0.001 917389312 1666484362.271171
6000 0.001 919076864 1666484362.352554
6120 0.001 921452544 1666484362.445302
6240 0.001 923107328 1666484362.5273442
6360 0.001 925302784 1666484362.61805
6480 0.001 927875072 1666484362.7110112
6600 0.001 930496512 1666484362.803972
6720 0.001 932741120 1666484362.891573
6840 0.001 934576128 1666484362.9722939
6960 0.001 937000960 1666484363.061716
7080 0.001 939261952 1666484363.149835
7200 0.001 940670976 1666484363.224742
7320 0.001 942997504 1666484363.313251
7440 0.001 945127424 1666484363.3986502
7560 0.001 947339264 1666484363.489464
7680 0.001 950190080 1666484363.5882251
7800 0.001 952303616 1666484363.6815171
7920 0.001 954318848 1666484363.772745
8040 0.001 956710912 1666484363.864842
8160 0.001 959070208 1666484363.954846
8280 0.001 960872448 1666484364.038166
8400 0.001 962281472 1666484364.118318
8520 0.001 965214208 1666484364.213681
8640 0.001 966852608 1666484364.3040938
8760 0.001 968704000 1666484364.389629
8880 0.001 970637312 1666484364.478805
9000 0.001 973078528 1666484364.570872
9120 0.001 975159296 1666484364.657234
9240 0.001 977502208 1666484364.7461572
9360 0.001 980287488 1666484364.8400378
9480 0.001 982745088 1666484364.931702
9600 0.001 984580096 1666484365.019401
9720 0.001 986857472 1666484365.1150641
9840 0.001 989331456 1666484365.210774
9960 0.001 991199232 1666484365.2987351
10080 0.001 992886784 1666484365.38742
10200 0.001 994885632 1666484365.473726
10320 0.001 997195776 1666484365.568247
10440 0.001 999784448 1666484365.6627111
10560 0.001 1002487808 1666484365.758564
10680 0.001 1004306432 1666484365.8430011
10800 0.001 1006911488 1666484365.934905
10920 0.001 1009418240 1666484366.0275872
11040 0.001 1011335168 1666484366.119832
11160 0.001 1013022720 1666484366.20334
11280 0.001 1014743040 1666484366.288692
11400 0.001 1017561088 1666484366.382407
11520 0.001 1019396096 1666484366.481942
11640 0.001 1021067264 1666484366.5675058
11760 0.001 1023361024 1666484366.659991
11880 0.001 1025245184 1666484366.759719
12000 0.002 1027538944 1666484366.8470778
12120 0.002 1029881856 1666484366.940074
12240 0.002 1032847360 1666484367.044192
12360 0.002 1035223040 1666484367.138077
12480 0.002 1037025280 1666484367.224215
12600 0.002 1039548416 1666484367.318486
12720 0.002 1041891328 1666484367.410398
12840 0.002 1043349504 1666484367.490977
12960 0.002 1045594112 1666484367.578723
13080 0.002 1047805952 1666484367.6683578
13200 0.002 1049870336 1666484367.7560608
13320 0.002 1052786688 1666484367.8580558
13440 0.002 1055145984 1666484367.947596
13560 0.002 1057161216 1666484368.034507
13680 0.002 1059553280 1666484368.130974
13800 0.002 1061961728 1666484368.225287
13920 0.002 1063960576 1666484368.310606
14040 0.002 1065369600 1666484368.3911731
14160 0.002 1068138496 1666484368.487179
14280 0.002 1069563904 1666484368.575165
14400 0.002 1071628288 1666484368.660885
14520 0.002 1073709056 1666484368.747081
14640 0.002 1075888128 1666484368.8408132
14760 0.002 1077968896 1666484368.927297
14880 0.002 1080147968 1666484369.015038
15000 0.002 1082736640 1666484369.111586
15120 0.002 1084964864 1666484369.221674
15240 0.002 1087275008 1666484369.339995
15360 0.002 1089372160 1666484369.4302568
15480 0.002 1092059136 1666484369.529578
15600 0.002 1094189056 1666484369.622387
15720 0.002 1095696384 1666484369.704428
15840 0.002 1097875456 1666484369.795737
15960 0.002 1100251136 1666484369.910123
16080 0.002 1102512128 1666484370.006082
16200 0.002 1105281024 1666484370.112085
16320 0.002 1107476480 1666484370.203268
16440 0.002 1109639168 1666484370.291837
16560 0.002 1112326144 1666484370.3937979
16680 0.002 1114505216 1666484370.484608
16800 0.002 1116176384 1666484370.5659509
16920 0.002 1117765632 1666484370.646545
17040 0.002 1120616448 1666484370.737011
17160 0.002 1122418688 1666484370.8290691
17280 0.002 1123975168 1666484370.913561
17400 0.002 1126170624 1666484371.002979
17520 0.002 1128235008 1666484371.0930371
17640 0.002 1130430464 1666484371.1842291
17760 0.002 1132658688 1666484371.288178
17880 0.002 1135656960 1666484371.402978
18000 0.002 1138114560 1666484371.500511
18120 0.002 1140047872 1666484371.593743
18240 0.002 1142325248 1666484371.691651
18360 0.002 1144897536 1666484371.79741
18480 0.002 1146437632 1666484371.8835661
18600 0.002 1148534784 1666484371.9788318
18720 0.002 1150713856 1666484372.0724201
18840 0.002 1152843776 1666484372.165322
18960 0.002 1155694592 1666484372.266044
19080 0.002 1158447104 1666484372.3655949
19200 0.002 1160216576 1666484372.5202
19320 0.002 1162625024 1666484372.698655
19440 0.002 1165295616 1666484372.8055072
19560 0.002 1167278080 1666484372.9030778
19680 0.002 1168850944 1666484372.995463
19800 0.002 1171472384 1666484373.099432
19920 0.002 1172914176 1666484373.189506
20040 0.003 1175142400 1666484373.279488
20160 0.003 1176961024 1666484373.3664372
20280 0.003 1179205632 1666484373.457768
20400 0.003 1181483008 1666484373.547206
20520 0.003 1183645696 1666484373.63782
20640 0.003 1186349056 1666484373.732082
20760 0.003 1188921344 1666484373.826046
20880 0.003 1191411712 1666484373.9218261
21000 0.003 1193574400 1666484374.0097668
21120 0.003 1196195840 1666484374.1125681
21240 0.003 1198555136 1666484374.220664
21360 0.003 1200177152 1666484374.306315
21480 0.003 1202634752 1666484374.39848
21600 0.003 1205043200 1666484374.4933271
21720 0.003 1207287808 1666484374.586783
21840 0.003 1210056704 1666484374.6861792
21960 0.003 1212448768 1666484374.778917
22080 0.003 1214857216 1666484374.870699
22200 0.003 1217331200 1666484374.964629
22320 0.003 1219706880 1666484375.055178
22440 0.003 1221804032 1666484375.148097
22560 0.003 1223163904 1666484375.230211
22680 0.003 1225916416 1666484375.325301
22800 0.003 1228046336 1666484375.422354
22920 0.003 1230077952 1666484375.51367
23040 0.003 1231732736 1666484375.60682
23160 0.003 1234223104 1666484375.70288
23280 0.003 1236566016 1666484375.794858
23400 0.003 1238859776 1666484375.890337
23520 0.003 1241841664 1666484375.999691
23640 0.003 1244266496 1666484376.094642
23760 0.003 1246363648 1666484376.187187
23880 0.003 1248788480 1666484376.294374
24000 0.003 1251491840 1666484376.400044
24120 0.003 1253277696 1666484376.488248
24240 0.003 1255620608 1666484376.590164
24360 0.003 1258078208 1666484376.690558
24480 0.003 1260453888 1666484376.7893739
24600 0.003 1263255552 1666484376.896619
24720 0.003 1265860608 1666484376.9989471
24840 0.003 1267957760 1666484377.090513
24960 0.003 1270464512 1666484377.210537
25080 0.003 1273298944 1666484377.327681
25200 0.003 1275543552 1666484377.4231548
25320 0.003 1277149184 1666484377.517592
25440 0.003 1278738432 1666484377.613642
25560 0.003 1281851392 1666484377.712955
25680 0.003 1284194304 1666484377.8091981
25800 0.003 1285914624 1666484377.900692
25920 0.003 1288273920 1666484377.997588
26040 0.003 1290584064 1666484378.094881
26160 0.003 1293074432 1666484378.192725
26280 0.003 1295745024 1666484378.289417
26400 0.003 1298432000 1666484378.387007
26520 0.003 1301200896 1666484378.486451
26640 0.003 1303232512 1666484378.585034
26760 0.003 1305853952 1666484378.6822
26880 0.003 1308246016 1666484378.775386
27000 0.003 1310261248 1666484378.8617442
27120 0.003 1312784384 1666484378.957851
27240 0.003 1315241984 1666484379.057125
27360 0.003 1317650432 1666484379.152836
27480 0.003 1320583168 1666484379.255112
27600 0.003 1322893312 1666484379.348415
27720 0.003 1325465600 1666484379.446027
27840 0.003 1328070656 1666484379.543372
27960 0.004 1330675712 1666484379.642964
28080 0.004 1332838400 1666484379.735219
28200 0.004 1334132736 1666484379.812778
28320 0.004 1337475072 1666484379.9116
28440 0.004 1339179008 1666484380.0065432
28560 0.004 1341227008 1666484380.105657
28680 0.004 1343029248 1666484380.2044091
28800 0.004 1345765376 1666484380.3068218
28920 0.004 1348354048 1666484380.424063
29040 0.004 1350795264 1666484380.549749
29160 0.004 1353826304 1666484380.658515
29280 0.004 1356333056 1666484380.757247
29400 0.004 1358479360 1666484380.851234
29520 0.004 1361035264 1666484380.95011
29640 0.004 1363902464 1666484381.0707421
29760 0.004 1365966848 1666484381.197576
29880 0.004 1368408064 1666484381.360225
30000 0.004 1369899008 1666484381.471856
30120 0.004 1372241920 1666484381.5774982
30240 0.004 1365999616 1666484381.696714
30360 0.004 1368817664 1666484381.824275
30480 0.004 1370898432 1666484381.9289489
30600 0.004 1373831168 1666484382.032059
30720 0.004 1376600064 1666484382.134211
30840 0.004 1378828288 1666484382.2259111
30960 0.004 1380827136 1666484382.3126101
31080 0.004 1382285312 1666484382.395589
31200 0.004 1385332736 1666484382.494121
31320 0.004 1387839488 1666484382.5902212
31440 0.004 1389707264 1666484382.6763399
31560 0.004 1392099328 1666484382.769839
31680 0.004 1394212864 1666484382.8646138
31800 0.004 1396768768 1666484382.961442
31920 0.004 1392328704 1666484383.072107
32040 0.004 1394982912 1666484383.178672
32160 0.004 1397637120 1666484383.276271
32280 0.004 1399586816 1666484383.364158
32400 0.004 1402257408 1666484383.472341
32520 0.004 1404551168 1666484383.588444
32640 0.004 1406435328 1666484383.680253
32760 0.004 1409073152 1666484383.779505
32880 0.004 1403879424 1666484383.880275
33000 0.004 1397719040 1666484383.975497
33120 0.004 1400635392 1666484384.079092
33240 0.004 1394311168 1666484384.181548
33360 0.004 1396736000 1666484384.2810612
33480 0.004 1399160832 1666484384.3785338
33600 0.004 1401782272 1666484384.4822888
33720 0.004 1397571584 1666484384.5965922
33840 0.004 1398915072 1666484384.680249
33960 0.004 1402011648 1666484384.780421
34080 0.004 1398587392 1666484384.878643
34200 0.004 1400635392 1666484384.967658
34320 0.004 1402683392 1666484385.0609658
34440 0.004 1405353984 1666484385.162179
34560 0.004 1407565824 1666484385.2571049
34680 0.004 1406910464 1666484385.355275
34800 0.004 1409630208 1666484385.456567
34920 0.004 1411989504 1666484385.556436
35040 0.004 1413857280 1666484385.6517272
35160 0.004 1416249344 1666484385.752321
35280 0.004 1418870784 1666484385.859113
35400 0.004 1420951552 1666484385.955026
35520 0.004 1423130624 1666484386.049572
35640 0.004 1425391616 1666484386.146198
35760 0.004 1427881984 1666484386.251484
35880 0.004 1430683648 1666484386.35554
36000 0.005 1433354240 1666484386.4606059
36120 0.005 1435107328 1666484386.548105
36240 0.005 1437646848 1666484386.645557
36360 0.005 1440317440 1666484386.743169
36480 0.005 1442316288 1666484386.83809
36600 0.005 1444118528 1666484386.9442308
36720 0.005 1445576704 1666484387.0285492
36840 0.005 1448165376 1666484387.125352
36960 0.005 1450786816 1666484387.226861
37080 0.005 1452523520 1666484387.31439
37200 0.005 1454915584 1666484387.4120488
37320 0.005 1456979968 1666484387.5016809
37440 0.005 1457995776 1666484387.5949929
37560 0.005 1460338688 1666484387.694047
37680 0.005 1463435264 1666484387.80247
37800 0.005 1465221120 1666484387.901102
37920 0.005 1467088896 1666484387.992417
38040 0.005 1469661184 1666484388.0929558
38160 0.005 1472135168 1666484388.192995
38280 0.005 1473789952 1666484388.283929
38400 0.005 1465925632 1666484388.388565
38520 0.005 1449558016 1666484388.519098
38640 0.005 1434664960 1666484388.622369
38760 0.005 1437712384 1666484388.733369
38880 0.005 1439842304 1666484388.832726
39000 0.005 1441841152 1666484388.9245281
39120 0.005 1444364288 1666484389.031497
39240 0.005 1446739968 1666484389.131049
39360 0.005 1448673280 1666484389.223688
39480 0.005 1450196992 1666484389.3116002
39600 0.005 1453129728 1666484389.414104
39720 0.005 1454850048 1666484389.5102668
39840 0.005 1456947200 1666484389.61152
39960 0.005 1459011584 1666484389.704074
40080 0.005 1461567488 1666484389.802034
40200 0.005 1463795712 1666484389.897758
40320 0.005 1466105856 1666484389.992658
40440 0.005 1468596224 1666484390.0890062
40560 0.005 1471102976 1666484390.187336
40680 0.005 1473232896 1666484390.2890172
40800 0.005 1475444736 1666484390.3845031
40920 0.005 1478180864 1666484390.484119
41040 0.005 1459404800 1666484390.5741692
41160 0.005 1461338112 1666484390.662616
41280 0.005 1463631872 1666484390.758249
41400 0.005 1465942016 1666484390.864164
41520 0.005 1468596224 1666484390.9674728
41640 0.005 1471234048 1666484391.0673358
41760 0.005 1473298432 1666484391.163362
41880 0.005 1466204160 1666484391.259072
42000 0.005 1468907520 1666484391.357625
42120 0.005 1471217664 1666484391.455383
42240 0.005 1472921600 1666484391.569111
42360 0.005 1466990592 1666484391.675297
42480 0.005 1469825024 1666484391.77089
42600 0.005 1472053248 1666484391.867229
42720 0.005 1474002944 1666484391.969283
42840 0.005 1462960128 1666484392.093822
42960 0.005 1433829376 1666484392.212366
43080 0.005 1425539072 1666484392.315799
43200 0.005 1427800064 1666484392.415128
43320 0.005 1430929408 1666484392.5198112
43440 0.005 1433550848 1666484392.6210911
43560 0.005 1435369472 1666484392.712914
43680 0.005 1437958144 1666484392.813092
43800 0.005 1440595968 1666484392.911212
43920 0.005 1442283520 1666484392.99806
44040 0.006 1444577280 1666484393.093782
44160 0.006 1446920192 1666484393.190262
44280 0.006 1435025408 1666484393.2885141
44400 0.006 1437892608 1666484393.394788
44520 0.006 1440022528 1666484393.496211
44640 0.006 1441972224 1666484393.588196
44760 0.006 1444495360 1666484393.6896908
44880 0.006 1447116800 1666484393.7910001
45000 0.006 1449164800 1666484393.881523
45120 0.006 1450835968 1666484393.9657018
45240 0.006 1452769280 1666484394.069244
45360 0.006 1454505984 1666484394.1639118
45480 0.006 1456799744 1666484394.257636
45600 0.006 1458716672 1666484394.350017
45720 0.006 1461125120 1666484394.4475808
45840 0.006 1463369728 1666484394.538869
45960 0.006 1465679872 1666484394.631969
46080 0.006 1468301312 1666484394.7300968
46200 0.006 1470873600 1666484394.8279428
46320 0.006 1465188352 1666484394.927927
46440 0.006 1467383808 1666484395.023037
46560 0.006 1469988864 1666484395.122035
46680 0.006 1472348160 1666484395.218071
46800 0.006 1473904640 1666484395.3012931
46920 0.006 1476476928 1666484395.397215
47040 0.006 1478901760 1666484395.50435
47160 0.006 1477804032 1666484395.6232052
47280 0.006 1480638464 1666484395.736553
47400 0.006 1483063296 1666484395.834481
47520 0.006 1485520896 1666484395.9293172
47640 0.006 1488388096 1666484396.032448
47760 0.006 1482801152 1666484396.1316962
47880 0.006 1484750848 1666484396.219973
48000 0.006 1486094336 1666484396.3037271
48120 0.006 1480081408 1666484396.4158442
48240 0.006 1482096640 1666484396.5200682
48360 0.006 1483915264 1666484396.6100988
48480 0.006 1485897728 1666484396.7012758
48600 0.006 1488289792 1666484396.798996
48720 0.006 1476395008 1666484396.917564
48840 0.006 1478606848 1666484397.0320451
48960 0.006 1481605120 1666484397.143206
49080 0.006 1484177408 1666484397.2424629
49200 0.006 1486241792 1666484397.345419
49320 0.006 1488912384 1666484397.466819
49440 0.006 1491550208 1666484397.58319
49560 0.006 1493368832 1666484397.6727092
49680 0.006 1495728128 1666484397.772924
49800 0.006 1498218496 1666484397.8721669
49920 0.006 1500332032 1666484397.970248
50040 0.006 1482440704 1666484398.0783901
50160 0.006 1485357056 1666484398.1823092
50280 0.006 1487273984 1666484398.276066
50400 0.006 1489879040 1666484398.3796139
50520 0.006 1492549632 1666484398.485153
50640 0.006 1494745088 1666484398.581697
50760 0.006 1496465408 1666484398.672779
50880 0.006 1498185728 1666484398.76328
51000 0.006 1489911808 1666484398.8635259
51120 0.006 1492123648 1666484398.96435
51240 0.006 1493991424 1666484399.0537071
51360 0.006 1496399872 1666484399.152464
51480 0.006 1498841088 1666484399.24871
51600 0.006 1479802880 1666484399.3451588
51720 0.006 1482539008 1666484399.447799
51840 0.006 1485357056 1666484399.548844
51960 0.007 1488158720 1666484399.6502101
52080 0.007 1490239488 1666484399.750824
52200 0.007 1492762624 1666484399.8763049
52320 0.007 1485045760 1666484399.993132
52440 0.007 1484029952 1666484400.091818
52560 0.007 1486553088 1666484400.206499
52680 0.007 1473150976 1666484400.307779
52800 0.007 1475575808 1666484400.411675
52920 0.007 1478410240 1666484400.5617
53040 0.007 1480916992 1666484400.6714659
53160 0.007 1483472896 1666484400.7783291
53280 0.007 1480441856 1666484400.885673
53400 0.007 1482997760 1666484400.9861991
53520 0.007 1485242368 1666484401.084917
53640 0.007 1486569472 1666484401.1704068
53760 0.007 1489797120 1666484401.276623
53880 0.007 1491599360 1666484401.377633
54000 0.007 1493630976 1666484401.472739
54120 0.007 1495433216 1666484401.560676
54240 0.007 1486422016 1666484401.665931
54360 0.007 1488945152 1666484401.77056
54480 0.007 1491369984 1666484401.8686159
54600 0.007 1494335488 1666484401.984104
54720 0.007 1495728128 1666484402.095343
54840 0.007 1497939968 1666484402.200327
54960 0.007 1500397568 1666484402.304925
55080 0.007 1503150080 1666484402.4123268
55200 0.007 1498808320 1666484402.51456
55320 0.007 1501102080 1666484402.6128309
55440 0.007 1503789056 1666484402.717602
55560 0.007 1506213888 1666484402.818918
55680 0.007 1508950016 1666484402.924562
55800 0.007 1502330880 1666484403.027023
55920 0.007 1504329728 1666484403.122593
56040 0.007 1507196928 1666484403.225533
56160 0.007 1510113280 1666484403.332159
56280 0.007 1512259584 1666484403.4315479
56400 0.007 1514258432 1666484403.529554
56520 0.007 1515749376 1666484403.6148832
56640 0.007 1505968128 1666484403.790435
56760 0.007 1495285760 1666484403.882874
56880 0.007 1496596480 1666484403.967793
57000 0.007 1499103232 1666484404.068052
57120 0.007 1500938240 1666484404.1634371
57240 0.007 1502806016 1666484404.262387
57360 0.007 1496219648 1666484404.367109
57480 0.007 1498693632 1666484404.473175
57600 0.007 1496465408 1666484404.598413
57720 0.007 1498218496 1666484404.69338
57840 0.007 1500413952 1666484404.8321438
57960 0.007 1502511104 1666484404.933013
58080 0.007 1503952896 1666484405.02246
58200 0.007 1506164736 1666484405.122807
58320 0.007 1508294656 1666484405.225806
58440 0.007 1510490112 1666484405.325759
58560 0.007 1512996864 1666484405.428766
58680 0.007 1515126784 1666484405.5273569
58800 0.007 1517518848 1666484405.6296809
58920 0.007 1520025600 1666484405.738338
59040 0.007 1522188288 1666484405.837887
59160 0.007 1523941376 1666484405.9309812
59280 0.007 1525055488 1666484406.0130901
59400 0.007 1528201216 1666484406.2082508
59520 0.007 1530216448 1666484406.3065012
59640 0.007 1532051456 1666484406.40002
59760 0.007 1534197760 1666484406.4932458
59880 0.007 1536884736 1666484406.595694
60000 0.008 1539358720 1666484406.6956658
60120 0.008 1541652480 1666484406.794237
60240 0.008 1544372224 1666484406.896441
60360 0.008 1547026432 1666484407.0012648
60480 0.008 1549074432 1666484407.093159
60600 0.008 1551548416 1666484407.1892962
60720 0.008 1554399232 1666484407.3094342
60840 0.008 1556578304 1666484407.40305
60960 0.008 1558921216 1666484407.496445
61080 0.008 1561296896 1666484407.595223
61200 0.008 1564033024 1666484407.699765
61320 0.008 1566670848 1666484407.8047621
61440 0.008 1569259520 1666484407.920087
61560 0.008 1571078144 1666484408.01517
61680 0.008 1573847040 1666484408.118721
61800 0.008 1576566784 1666484408.2216141
61920 0.008 1578680320 1666484408.3165529
62040 0.008 1580711936 1666484408.408015
62160 0.008 1582202880 1666484408.492244
62280 0.008 1585102848 1666484408.593441
62400 0.008 1587314688 1666484408.69524
62520 0.008 1589280768 1666484408.784276
62640 0.008 1591918592 1666484408.885015
62760 0.008 1593868288 1666484408.9764428
62880 0.008 1596358656 1666484409.076569
63000 0.008 1599029248 1666484409.174783
63120 0.008 1601994752 1666484409.283511
63240 0.008 1604419584 1666484409.3812969
63360 0.008 1606352896 1666484409.474136
63480 0.008 1609039872 1666484409.576013
63600 0.008 1611481088 1666484409.6736908
63720 0.008 1613365248 1666484409.769471
63840 0.008 1615953920 1666484409.870085
63960 0.008 1618411520 1666484409.9679282
64080 0.008 1620885504 1666484410.0664809
64200 0.008 1623687168 1666484410.1735418
64320 0.008 1625915392 1666484410.267905
64440 0.008 1628160000 1666484410.3634088
64560 0.008 1630699520 1666484410.463958
64680 0.008 1633255424 1666484410.577409
64800 0.008 1635254272 1666484410.674304
64920 0.008 1637072896 1666484410.7656288
65040 0.008 1639989248 1666484410.871377
65160 0.008 1641660416 1666484410.966986
65280 0.008 1643675648 1666484411.071816
65400 0.008 1645789184 1666484411.183818
65520 0.008 1648427008 1666484411.2871091
65640 0.008 1650589696 1666484411.38174
65760 0.008 1653063680 1666484411.480289
65880 0.008 1655767040 1666484411.5817668
66000 0.008 1658290176 1666484411.6812968
66120 0.008 1660338176 1666484411.774901
66240 0.008 1662697472 1666484411.877839
66360 0.008 1665417216 1666484411.984133
66480 0.008 1667596288 1666484412.083354
66600 0.008 1669677056 1666484412.178138
66720 0.008 1672019968 1666484412.277496
66840 0.008 1674575872 1666484412.379262
66960 0.008 1677279232 1666484412.490006
67080 0.008 1660731392 1666484412.60815
67200 0.008 1653227520 1666484412.703731
67320 0.008 1655603200 1666484412.804132
67440 0.008 1658175488 1666484412.903084
67560 0.008 1660305408 1666484413.020316
67680 0.008 1662156800 1666484413.169664
67800 0.008 1663860736 1666484413.262012
67920 0.009 1659224064 1666484413.367821
68040 0.009 1661501440 1666484413.496732
68160 0.009 1651736576 1666484413.641568
68280 0.009 1639972864 1666484413.77316
68400 0.009 1627586560 1666484413.884116
68520 0.009 1629913088 1666484413.9869592
68640 0.009 1632256000 1666484414.08532
68760 0.009 1623769088 1666484414.196681
68880 0.009 1626210304 1666484414.303066
69000 0.009 1628094464 1666484414.401263
69120 0.009 1630732288 1666484414.5007
69240 0.009 1633173504 1666484414.601631
69360 0.009 1634926592 1666484414.691817
69480 0.009 1635041280 1666484414.793175
69600 0.009 1637400576 1666484414.890363
69720 0.009 1639628800 1666484414.988354
69840 0.009 1642561536 1666484415.097346
69960 0.009 1644888064 1666484415.203448
70080 0.009 1646804992 1666484415.2970612
70200 0.009 1649426432 1666484415.397568
70320 0.009 1651982336 1666484415.500888
70440 0.009 1654063104 1666484415.594291
70560 0.009 1655685120 1666484415.687229
70680 0.009 1658601472 1666484415.796533
70800 0.009 1660157952 1666484415.8967822
70920 0.009 1662435328 1666484415.998359
71040 0.009 1664450560 1666484416.106394
71160 0.009 1666760704 1666484416.2215428
71280 0.009 1669021696 1666484416.32587
71400 0.009 1671249920 1666484416.4590552
71520 0.009 1673887744 1666484416.5653288
71640 0.009 1676525568 1666484416.674592
71760 0.009 1678884864 1666484416.778922
71880 0.009 1680998400 1666484416.8797581
72000 0.009 1683718144 1666484416.989894
72120 0.009 1686126592 1666484417.0933802
72240 0.009 1687781376 1666484417.190221
72360 0.009 1690271744 1666484417.295187
72480 0.009 1692090368 1666484417.402048
72600 0.009 1694449664 1666484417.507644
72720 0.009 1697087488 1666484417.618878
72840 0.009 1699479552 1666484417.7240698
72960 0.009 1701806080 1666484417.828641
73080 0.009 1704443904 1666484417.934465
73200 0.009 1706524672 1666484418.0382478
73320 0.009 1708474368 1666484418.1350179
73440 0.009 1709801472 1666484418.2240782
73560 0.009 1713078272 1666484418.325014
73680 0.009 1714782208 1666484418.4248059
73800 0.009 1716568064 1666484418.517067
73920 0.009 1711161344 1666484418.609834
74040 0.009 1713438720 1666484418.7102761
74160 0.009 1715748864 1666484418.8094678
74280 0.009 1717878784 1666484418.9123788
74400 0.009 1720975360 1666484419.0233312
74520 0.009 1723334656 1666484419.129334
74640 0.009 1725317120 1666484419.2268941
74760 0.009 1727807488 1666484419.328809
74880 0.009 1730281472 1666484419.4382951
75000 0.009 1732001792 1666484419.534539
75120 0.009 1734262784 1666484419.6302578
75240 0.009 1736556544 1666484419.737557
75360 0.009 1738784768 1666484419.890314
75480 0.009 1741570048 1666484420.0394309
75600 0.009 1742979072 1666484420.152052
75720 0.009 1733951488 1666484420.2490711
75840 0.009 1736458240 1666484420.346078
75960 0.01 1739177984 1666484420.451037
76080 0.01 1741062144 1666484420.549582
76200 0.01 1742782464 1666484420.647889
76320 0.01 1744437248 1666484420.747406
76440 0.01 1747304448 1666484420.851524
76560 0.01 1749270528 1666484420.955096
76680 0.01 1751138304 1666484421.049094
76800 0.01 1753350144 1666484421.1521862
76920 0.01 1746485248 1666484421.252825
77040 0.01 1748598784 1666484421.3513658
77160 0.01 1751203840 1666484421.455678
77280 0.01 1753792512 1666484421.560732
77400 0.01 1756299264 1666484421.6620889
77520 0.01 1758298112 1666484421.757493
77640 0.01 1760886784 1666484421.857674
77760 0.01 1763065856 1666484421.954887
77880 0.01 1764753408 1666484422.0458748
78000 0.01 1767276544 1666484422.145529
78120 0.01 1769603072 1666484422.243701
78240 0.01 1761247232 1666484422.341154
78360 0.01 1763999744 1666484422.442183
78480 0.01 1766359040 1666484422.5387578
78600 0.01 1768669184 1666484422.635328
78720 0.01 1771044864 1666484422.7342432
78840 0.01 1773223936 1666484422.8300931
78960 0.01 1774764032 1666484422.923947
79080 0.01 1776074752 1666484423.008262
79200 0.01 1773371392 1666484423.19105
79320 0.01 1774944256 1666484423.282633
79440 0.01 1777090560 1666484423.3776991
79560 0.01 1778712576 1666484423.466073
79680 0.01 1781022720 1666484423.568927
79800 0.01 1783283712 1666484423.691095
79920 0.01 1785593856 1666484423.814657
80040 0.01 1788297216 1666484423.9419572
80160 0.01 1790656512 1666484424.052393
80280 0.01 1792720896 1666484424.15094
80400 0.01 1795145728 1666484424.2532601
80520 0.01 1797980160 1666484424.3628778
80640 0.01 1799913472 1666484424.460556
80760 0.01 1798488064 1666484424.559573
80880 0.01 1800978432 1666484424.66306
81000 0.01 1803272192 1666484424.769294
81120 0.01 1805713408 1666484424.8743029
81240 0.01 1804943360 1666484424.9815822
81360 0.01 1807089664 1666484425.0862231
81480 0.01 1809694720 1666484425.1887271
81600 0.01 1812316160 1666484425.2922812
81720 0.01 1814413312 1666484425.389598
81840 0.01 1816100864 1666484425.4801762
81960 0.01 1817690112 1666484425.568091
82080 0.01 1820819456 1666484425.668473
82200 0.01 1822539776 1666484425.766127
82320 0.01 1824194560 1666484425.8528142
82440 0.01 1826471936 1666484425.948677
82560 0.01 1828896768 1666484426.048417
82680 0.01 1831272448 1666484426.147701
82800 0.01 1833615360 1666484426.24914
82920 0.01 1836187648 1666484426.3529532
83040 0.01 1838727168 1666484426.454085
83160 0.01 1840496640 1666484426.544384
83280 0.01 1843101696 1666484426.646059
83400 0.01 1845411840 1666484426.741926
83520 0.01 1847459840 1666484426.832941
83640 0.01 1847656448 1666484426.933418
83760 0.01 1850146816 1666484427.0351858
83880 0.011 1852260352 1666484427.1344981
84000 0.011 1854816256 1666484427.2380302
84120 0.011 1856700416 1666484427.335367
84240 0.011 1859256320 1666484427.437759
84360 0.011 1861517312 1666484427.537205
84480 0.011 1860927488 1666484427.639824
84600 0.011 1862959104 1666484427.736696
84720 0.011 1864400896 1666484427.823294
84840 0.011 1866465280 1666484428.015563
84960 0.011 1868120064 1666484428.1122172
85080 0.011 1869905920 1666484428.206034
85200 0.011 1862844416 1666484428.305686
85320 0.011 1865433088 1666484428.409112
85440 0.011 1867759616 1666484428.510232
85560 0.011 1870086144 1666484428.609885
85680 0.011 1872691200 1666484428.710861
85800 0.011 1875001344 1666484428.816469
85920 0.011 1876901888 1666484428.9104881
86040 0.011 1879293952 1666484429.0121548
86160 0.011 1881849856 1666484429.118643
86280 0.011 1883963392 1666484429.21805
86400 0.011 1886322688 1666484429.318859
86520 0.011 1888665600 1666484429.42158
86640 0.011 1891090432 1666484429.52808
86760 0.011 1893548032 1666484429.633396
86880 0.011 1895956480 1666484429.734656
87000 0.011 1897758720 1666484429.826328
87120 0.011 1900544000 1666484429.928642
87240 0.011 1902968832 1666484430.032345
87360 0.011 1905000448 1666484430.125864
87480 0.011 1907048448 1666484430.221212
87600 0.011 1908408320 1666484430.307209
87720 0.011 1911455744 1666484430.406053
87840 0.011 1913356288 1666484430.5079691
87960 0.011 1914781696 1666484430.5973299
88080 0.011 1916747776 1666484430.6903691
88200 0.011 1919025152 1666484430.787947
88320 0.011 1921335296 1666484430.885217
88440 0.011 1923907584 1666484430.9871092
88560 0.011 1926676480 1666484431.091149
88680 0.011 1928822784 1666484431.1899211
88800 0.011 1930723328 1666484431.284807
88920 0.011 1933197312 1666484431.395442
89040 0.011 1920679936 1666484431.5127249
89160 0.011 1922285568 1666484431.632326
89280 0.011 1924710400 1666484431.74277
89400 0.011 1926922240 1666484431.8506382
89520 0.011 1928937472 1666484431.947396
89640 0.011 1919565824 1666484432.050285
89760 0.011 1921204224 1666484432.141602
89880 0.011 1923596288 1666484432.240625
90000 0.011 1926348800 1666484432.346378
90120 0.011 1925332992 1666484432.450741
90240 0.011 1927544832 1666484432.5509388
90360 0.011 1928790016 1666484432.642069
90480 0.011 1928675328 1666484432.755336
90600 0.011 1930346496 1666484432.8554728
90720 0.011 1932279808 1666484432.949703
90840 0.011 1934082048 1666484433.063186
90960 0.011 1936523264 1666484433.217791
91080 0.011 1939013632 1666484433.332979
91200 0.011 1941061632 1666484433.4343622
91320 0.011 1943699456 1666484433.541913
91440 0.011 1945976832 1666484433.654249
91560 0.011 1948286976 1666484433.777864
91680 0.011 1950433280 1666484433.885536
91800 0.011 1949630464 1666484433.9900942
91920 0.012 1951727616 1666484434.091255
92040 0.012 1953792000 1666484434.191905
92160 0.012 1956036608 1666484434.2931461
92280 0.012 1958477824 1666484434.400479
92400 0.012 1960853504 1666484434.501591
92520 0.012 1941651456 1666484434.6033568
92640 0.012 1943748608 1666484434.702956
92760 0.012 1946042368 1666484434.802891
92880 0.012 1948811264 1666484434.909621
93000 0.012 1950826496 1666484435.006897
93120 0.012 1952776192 1666484435.0999749
93240 0.012 1954349056 1666484435.191054
93360 0.012 1952563200 1666484435.2956312
93480 0.012 1954332672 1666484435.396765
93600 0.012 1955758080 1666484435.486031
93720 0.012 1957806080 1666484435.582699
93840 0.012 1959788544 1666484435.679551
93960 0.012 1962229760 1666484435.782754
94080 0.012 1959690240 1666484435.879665
94200 0.012 1962541056 1666484435.9870248
94320 0.012 1964425216 1666484436.083188
94440 0.012 1966522368 1666484436.1793349
94560 0.012 1968865280 1666484436.28271
94680 0.012 1959395328 1666484436.380165
94800 0.012 1961082880 1666484436.468997
94920 0.012 1963458560 1666484436.566525
95040 0.012 1965719552 1666484436.667
95160 0.012 1967849472 1666484436.778483
95280 0.012 1970372608 1666484436.901218
95400 0.012 1972224000 1666484437.008106
95520 0.012 1974419456 1666484437.115724
95640 0.012 1976844288 1666484437.218789
95760 0.012 1979285504 1666484437.3244648
95880 0.012 1981071360 1666484437.415266
96000 0.012 1982644224 1666484437.5011961
96120 0.012 1985527808 1666484437.6083689
96240 0.012 1987117056 1666484437.701706
96360 0.012 1988984832 1666484437.791323
96480 0.012 1990770688 1666484437.881357
96600 0.012 1992802304 1666484437.9751801
96720 0.012 1995030528 1666484438.0721989
96840 0.012 1996963840 1666484438.167503
96960 0.012 1999486976 1666484438.267851
97080 0.012 2001780736 1666484438.3649259
97200 0.012 2004320256 1666484438.464105
97320 0.012 2006401024 1666484438.5594308
97440 0.012 2008743936 1666484438.669636
97560 0.012 2010693632 1666484438.777614
97680 0.012 2012348416 1666484438.876572
97800 0.012 2014773248 1666484438.982215
97920 0.012 2017099776 1666484439.114572
98040 0.012 2017394688 1666484439.2399309
98160 0.012 2011447296 1666484439.389009
98280 0.012 1993097216 1666484439.50372
98400 0.012 1995440128 1666484439.6042619
98520 0.012 1997930496 1666484439.711015
98640 0.012 2000044032 1666484439.825912
98760 0.012 2001715200 1666484439.9493492
98880 0.012 2003058688 1666484440.041687
99000 0.012 2005729280 1666484440.144886
99120 0.012 1985658880 1666484440.245866
99240 0.012 1986756608 1666484440.3329642
99360 0.012 1988493312 1666484440.429547
99480 0.012 1989853184 1666484440.522597
99600 0.012 1991507968 1666484440.614186
99720 0.012 1993359360 1666484440.710082
99840 0.013 1995374592 1666484440.8084009
99960 0.013 1997144064 1666484440.901561
100080 0.013 1998536704 1666484440.987417
100200 0.013 2000486400 1666484441.079961
100320 0.013 1976942592 1666484441.170209
100440 0.013 1977843712 1666484441.2485518
100560 0.013 1979432960 1666484441.337228
100680 0.013 1980973056 1666484441.430043
100800 0.013 1982545920 1666484441.5220668
100920 0.013 1984905216 1666484441.6244311
101040 0.013 1986560000 1666484441.718302
101160 0.013 1987969024 1666484441.8116212
101280 0.013 1990017024 1666484441.910759
101400 0.013 1991802880 1666484442.0054898
101520 0.013 1993342976 1666484442.0957
101640 0.013 1994571776 1666484442.178978
101760 0.013 1995980800 1666484442.271348
101880 0.013 1968439296 1666484442.421716
102000 0.013 1970405376 1666484442.522017
102120 0.013 1972158464 1666484442.6144068
102240 0.013 1974321152 1666484442.711916
102360 0.013 1976385536 1666484442.8072178
102480 0.013 1978302464 1666484442.901281
102600 0.013 1980497920 1666484442.997073
102720 0.013 1982758912 1666484443.094931
102840 0.013 1982742528 1666484443.1900868
102960 0.013 1984479232 1666484443.282691
103080 0.013 1986707456 1666484443.383508
103200 0.013 1988542464 1666484443.479894
103320 0.013 1990328320 1666484443.571363
103440 0.013 1992409088 1666484443.6664
103560 0.013 1994555392 1666484443.7751172
103680 0.013 1996292096 1666484443.885634
103800 0.013 1998241792 1666484443.9848378
103920 0.013 2000044032 1666484444.079264
104040 0.013 2002010112 1666484444.1775339
104160 0.013 2004172800 1666484444.2906702
104280 0.013 2005942272 1666484444.3851252
104400 0.013 2007728128 1666484444.476809
104520 0.013 2008940544 1666484444.563671
104640 0.013 2011873280 1666484444.6636438
104760 0.013 2013577216 1666484444.791984
104880 0.013 2015395840 1666484444.938369
105000 0.013 2017230848 1666484445.092716
105120 0.013 2019540992 1666484445.197079
105240 0.013 2021949440 1666484445.298078
105360 0.013 2024177664 1666484445.3950138
105480 0.013 2027159552 1666484445.5110831
105600 0.013 2029682688 1666484445.617654
105720 0.013 2031534080 1666484445.7141068
105840 0.013 2033926144 1666484445.81617
105960 0.013 2032386048 1666484445.921061
106080 0.013 2034057216 1666484446.015274
106200 0.013 2036482048 1666484446.116928
106320 0.013 2038923264 1666484446.222013
106440 0.013 2041118720 1666484446.323489
106560 0.013 2044002304 1666484446.4303339
106680 0.013 2046492672 1666484446.530677
106800 0.013 2048262144 1666484446.623397
106920 0.013 2050752512 1666484446.723296
107040 0.013 2042675200 1666484446.830806
107160 0.013 1947254784 1666484446.9495249
107280 0.013 1947320320 1666484447.0478039
107400 0.013 1948909568 1666484447.1456351
107520 0.013 1952202752 1666484447.333662
107640 0.013 1953759232 1666484447.436544
107760 0.013 1955627008 1666484447.532492
107880 0.014 1957953536 1666484447.631196
108000 0.014 1960263680 1666484447.733147
108120 0.014 1962557440 1666484447.832261
108240 0.014 1965113344 1666484447.934748
108360 0.014 1967833088 1666484448.0380669
108480 0.014 1970372608 1666484448.139134
108600 0.014 1972355072 1666484448.237401
108720 0.014 1974829056 1666484448.339228
108840 0.014 1977024512 1666484448.437751
108960 0.014 1978826752 1666484448.529043
109080 0.014 1981399040 1666484448.630848
109200 0.014 1983758336 1666484448.730953
109320 0.014 1986215936 1666484448.83472
109440 0.014 1988804608 1666484448.942369
109560 0.014 1991065600 1666484449.0415769
109680 0.014 1993572352 1666484449.145361
109800 0.014 1996111872 1666484449.247992
109920 0.014 1998356480 1666484449.348043
110040 0.014 2000388096 1666484449.443987
110160 0.014 2001731584 1666484449.533244
110280 0.014 2004762624 1666484449.643109
110400 0.014 2006482944 1666484449.7430432
110520 0.014 2008383488 1666484449.8376698
110640 0.014 2010464256 1666484449.9353018
110760 0.014 2012758016 1666484450.035074
110880 0.014 2015084544 1666484450.132406
111000 0.014 2017296384 1666484450.229418
111120 0.014 2020048896 1666484450.332962
111240 0.014 2022572032 1666484450.4328582
111360 0.014 2024456192 1666484450.527174
111480 0.014 2026831872 1666484450.628851
111600 0.014 2029322240 1666484450.732076
111720 0.014 2031009792 1666484450.8224058
111840 0.014 2033369088 1666484450.918891
111960 0.014 2035728384 1666484451.0179121
112080 0.014 2038022144 1666484451.121412
112200 0.014 1987051520 1666484451.235372
112320 0.014 1989672960 1666484451.3419032
112440 0.014 1991360512 1666484451.4358022
112560 0.014 1993687040 1666484451.539675
112680 0.014 1994883072 1666484451.6543622
112800 0.014 1993146368 1666484451.7802
112920 0.014 1995243520 1666484451.8769531
113040 0.014 1996488704 1666484451.964442
113160 0.014 1999388672 1666484452.068653
113280 0.014 2001600512 1666484452.172551
113400 0.014 2003288064 1666484452.265667
113520 0.014 2005893120 1666484452.367867
113640 0.014 2007777280 1666484452.465129
113760 0.014 2009907200 1666484452.566035
113880 0.014 2004369408 1666484452.67892
114000 0.014 2006990848 1666484452.794208
114120 0.014 2009415680 1666484452.895642
114240 0.014 2003795968 1666484452.996059
114360 0.014 2006433792 1666484453.103348
114480 0.014 2008285184 1666484453.203007
114600 0.014 2010136576 1666484453.297386
114720 0.014 2012528640 1666484453.4014668
114840 0.014 2001207296 1666484453.508071
114960 0.014 2003615744 1666484453.614916
115080 0.014 2006188032 1666484453.721099
115200 0.014 2008383488 1666484453.820163
115320 0.014 2007318528 1666484453.9182909
115440 0.014 2009546752 1666484454.0185878
115560 0.014 2011906048 1666484454.117904
115680 0.014 2011840512 1666484454.226985
115800 0.014 2013282304 1666484454.3555179
115920 0.015 2000306176 1666484454.586373
116040 0.015 2001797120 1666484454.6810088
116160 0.015 2003746816 1666484454.7786188
116280 0.015 2005680128 1666484454.8753972
116400 0.015 2007941120 1666484454.974783
116520 0.015 2010071040 1666484455.074108
116640 0.015 2012282880 1666484455.177768
116760 0.015 2014953472 1666484455.282629
116880 0.015 2016034816 1666484455.3844101
117000 0.015 2017689600 1666484455.4775481
117120 0.015 2019983360 1666484455.575414
117240 0.015 2022588416 1666484455.682996
117360 0.015 2024390656 1666484455.773202
117480 0.015 2026274816 1666484455.865574
117600 0.015 2028421120 1666484455.9621718
117720 0.015 2029158400 1666484456.0606
117840 0.015 2031648768 1666484456.160613
117960 0.015 2034253824 1666484456.264241
118080 0.015 2035957760 1666484456.355403
118200 0.015 2038431744 1666484456.454256
118320 0.015 2040758272 1666484456.551184
118440 0.015 2035302400 1666484456.644626
118560 0.015 2037006336 1666484456.736659
118680 0.015 2038333440 1666484456.822664
118800 0.015 2041380864 1666484456.924905
118920 0.015 2043183104 1666484457.025963
119040 0.015 2044952576 1666484457.117216
119160 0.015 2047344640 1666484457.216219
119280 0.015 2049146880 1666484457.30865
119400 0.015 2051194880 1666484457.405132
119520 0.015 2040938496 1666484457.505653
119640 0.015 2032566272 1666484457.613256
119760 0.015 2034941952 1666484457.7170482
119880 0.015 2036678656 1666484457.8117042
120000 0.015 2039054336 1666484457.9140759
120120 0.015 2041495552 1666484458.01331
120240 0.015 2042986496 1666484458.102595
120360 0.015 2045394944 1666484458.2013571
120480 0.015 2047574016 1666484458.303376
120600 0.015 2049769472 1666484458.4170198
120720 0.015 2052505600 1666484458.530962
120840 0.015 2052603904 1666484458.633224
120960 0.015 2045739008 1666484458.7308228
121080 0.015 2048163840 1666484458.833632
121200 0.015 2050506752 1666484458.934498
121320 0.015 2052390912 1666484459.032504
121440 0.015 2035630080 1666484459.127336
121560 0.015 2037563392 1666484459.230386
121680 0.015 2040217600 1666484459.3344572
121800 0.015 2042134528 1666484459.430538
121920 0.015 2043936768 1666484459.526842
122040 0.015 2040496128 1666484459.641717
122160 0.015 2042642432 1666484459.782306
122280 0.015 2020851712 1666484459.9148731
122400 0.015 2023325696 1666484460.018601
122520 0.015 2025586688 1666484460.122339
122640 0.015 2027864064 1666484460.226656
122760 0.015 2029928448 1666484460.3269749
122880 0.015 2032402432 1666484460.43236
123000 0.015 2034548736 1666484460.528723
123120 0.015 2036285440 1666484460.626335
123240 0.015 2038595584 1666484460.7324271
123360 0.015 2040922112 1666484460.837483
123480 0.015 2043232256 1666484460.944569
123600 0.015 2045870080 1666484461.050922
123720 0.015 2047983616 1666484461.1540558
123840 0.016 2050129920 1666484461.2602801
123960 0.016 2049490944 1666484461.365036
124080 0.016 2051588096 1666484461.4615848
124200 0.016 2053357568 1666484461.552426
124320 0.016 2054750208 1666484461.6395679
124440 0.016 2057732096 1666484461.765536
124560 0.016 2059501568 1666484461.87736
124680 0.016 2048311296 1666484461.975232
124800 0.016 2050179072 1666484462.0745401
124920 0.016 2052472832 1666484462.180937
125040 0.016 2054995968 1666484462.286473
125160 0.016 2056945664 1666484462.384602
125280 0.016 2059911168 1666484462.493762
125400 0.016 2062221312 1666484462.6026108
125520 0.016 2064154624 1666484462.700774
125640 0.016 2057469952 1666484462.802372
125760 0.016 2059960320 1666484462.903527
125880 0.016 2061647872 1666484462.9951649
126000 0.016 2064039936 1666484463.096271
126120 0.016 2066464768 1666484463.197639
126240 0.016 2068611072 1666484463.309216
126360 0.016 2059698176 1666484463.4184089
126480 0.016 2062057472 1666484463.5218072
126600 0.016 2063990784 1666484463.616234
126720 0.016 2066399232 1666484463.716644
126840 0.016 2068955136 1666484463.8227
126960 0.016 2070986752 1666484463.9223738
127080 0.016 2072428544 1666484464.012039
127200 0.016 2074279936 1666484464.104963
127320 0.016 2069168128 1666484464.207838
127440 0.016 2071068672 1666484464.30645
127560 0.016 2072674304 1666484464.401303
127680 0.016 2074951680 1666484464.504663
127800 0.016 2077163520 1666484464.6058838
127920 0.016 2079080448 1666484464.706478
128040 0.016 2081505280 1666484464.8109639
128160 0.016 2083864576 1666484464.915009
128280 0.016 2086191104 1666484465.01543
128400 0.016 2088140800 1666484465.111819
128520 0.016 2090516480 1666484465.2140028
128640 0.016 2092662784 1666484465.3185768
128760 0.016 2094235648 1666484465.412448
128880 0.016 2096562176 1666484465.5130749
129000 0.016 2098757632 1666484465.613158
129120 0.016 2100903936 1666484465.7134368
129240 0.016 2103377920 1666484465.821717
129360 0.016 2105540608 1666484465.92781
129480 0.016 2107768832 1666484466.0313861
129600 0.016 2110193664 1666484466.1367521
129720 0.016 2112405504 1666484466.2402291
129840 0.016 2114076672 1666484466.338675
129960 0.016 2115289088 1666484466.445224
130080 0.016 2118041600 1666484466.5601301
130200 0.016 2119614464 1666484466.6673322
130320 0.016 2120728576 1666484466.752594
130440 0.016 2122481664 1666484466.8424408
130560 0.016 2123890688 1666484466.933954
130680 0.016 2125774848 1666484467.034451
130800 0.016 2122055680 1666484467.151192
130920 0.016 2124365824 1666484467.272305
131040 0.016 2126168064 1666484467.372969
131160 0.016 2127872000 1666484467.4679198
131280 0.016 2111209472 1666484467.56637
131400 0.016 2113011712 1666484467.663145
131520 0.016 2114207744 1666484467.75107
131640 0.016 2115878912 1666484467.847683
131760 0.016 2117582848 1666484467.944455
131880 0.017 2119073792 1666484468.0370939
132000 0.017 2121515008 1666484468.143222
132120 0.017 2123300864 1666484468.2421482
132240 0.017 2125004800 1666484468.3393059
132360 0.017 2127249408 1666484468.4462552
132480 0.017 2115108864 1666484468.546282
132600 0.017 2116894720 1666484468.637399
132720 0.017 2118123520 1666484468.7196229
132840 0.017 2119516160 1666484468.8056982
132960 0.017 2122104832 1666484468.902806
133080 0.017 2123677696 1666484468.998312
133200 0.017 2112176128 1666484469.089773
133320 0.017 2114011136 1666484469.181567
133440 0.017 2115895296 1666484469.2796721
133560 0.017 2111438848 1666484469.389072
133680 0.017 2113781760 1666484469.498165
133800 0.017 2115584000 1666484469.592905
133920 0.017 2117468160 1666484469.687315
134040 0.017 2119237632 1666484469.777953
134160 0.017 2121203712 1666484469.878828
134280 0.017 2123087872 1666484469.973075
134400 0.017 2124185600 1666484470.059338
134520 0.017 2124349440 1666484470.155066
134640 0.017 2126184448 1666484470.251702
134760 0.017 2128084992 1666484470.3694248
134880 0.017 2125529088 1666484470.518993
135000 0.017 2127560704 1666484470.640654
135120 0.017 2129526784 1666484470.737304
135240 0.017 2132099072 1666484470.8434198
135360 0.017 2134147072 1666484470.943649
135480 0.017 2135539712 1666484471.033204
135600 0.017 2136899584 1666484471.120287
135720 0.017 2139815936 1666484471.2805078
135840 0.017 2141257728 1666484471.378214
135960 0.017 2142797824 1666484471.469866
136080 0.017 2119008256 1666484471.5924711
136200 0.017 2121302016 1666484471.699969
136320 0.017 2123399168 1666484471.8001988
136440 0.017 2125152256 1666484471.897672
136560 0.017 2127609856 1666484472.002212
136680 0.017 2129723392 1666484472.108798
136800 0.017 2131345408 1666484472.1986198
136920 0.017 2133622784 1666484472.297456
137040 0.017 2135736320 1666484472.411008
137160 0.017 2137473024 1666484472.514121
137280 0.017 2139553792 1666484472.614346
137400 0.017 2141618176 1666484472.7128808
137520 0.017 2143666176 1666484472.812317
137640 0.017 2145992704 1666484472.920002
137760 0.017 2148089856 1666484473.030519
137880 0.017 2149597184 1666484473.126389
138000 0.017 2151546880 1666484473.228042
138120 0.017 2153840640 1666484473.333298
138240 0.017 2155315200 1666484473.435159
138360 0.017 2157084672 1666484473.532469
138480 0.017 2149449728 1666484473.6240342
138600 0.017 2152448000 1666484473.729056
138720 0.017 2154184704 1666484473.832609
138840 0.017 2129559552 1666484473.9351559
138960 0.017 2131886080 1666484474.0547981
139080 0.017 2134016000 1666484474.1746829
139200 0.017 2128920576 1666484474.284679
139320 0.017 2131214336 1666484474.394388
139440 0.017 2133704704 1666484474.524343
139560 0.017 2135998464 1666484474.6378398
139680 0.017 2137849856 1666484474.739976
139800 0.018 2137309184 1666484474.852555
139920 0.018 2139389952 1666484474.9525251
140040 0.018 2141208576 1666484475.0494258
140160 0.018 2143485952 1666484475.150882
140280 0.018 2145648640 1666484475.249252
140400 0.018 2148155392 1666484475.358686
140520 0.018 2150432768 1666484475.472874
140640 0.018 2152398848 1666484475.5687869
140760 0.018 2154610688 1666484475.6682281
140880 0.018 2156806144 1666484475.7671838
141000 0.018 2158936064 1666484475.868604
141120 0.018 2160787456 1666484475.9667351
141240 0.018 2161999872 1666484476.0529962
141360 0.018 2143961088 1666484476.16486
141480 0.018 2145501184 1666484476.265752
141600 0.018 2147336192 1666484476.359998
141720 0.018 2149367808 1666484476.4595468
141840 0.018 2151596032 1666484476.5611231
141960 0.018 2153840640 1666484476.6639712
142080 0.018 2145566720 1666484476.773175
142200 0.018 2141110272 1666484476.8974159
142320 0.018 2143502336 1666484477.002644
142440 0.018 2145124352 1666484477.107531
142560 0.018 2147450880 1666484477.213071
142680 0.018 2149941248 1666484477.323219
142800 0.018 2151727104 1666484477.430617
142920 0.018 2153480192 1666484477.526399
143040 0.018 2155692032 1666484477.628191
143160 0.018 2158100480 1666484477.728909
143280 0.018 2160607232 1666484477.832235
143400 0.018 2162950144 1666484477.9390862
143520 0.018 2164654080 1666484478.036449
143640 0.018 2166980608 1666484478.142949
143760 0.018 2169126912 1666484478.2425349
143880 0.018 2170945536 1666484478.3361301
144000 0.018 2172846080 1666484478.431436
144120 0.018 2174124032 1666484478.520843
144240 0.018 2176860160 1666484478.623936
144360 0.018 2178973696 1666484478.725377
144480 0.018 2180710400 1666484478.8188548
144600 0.018 2183168000 1666484478.9216142
144720 0.018 2184740864 1666484479.0321321
144840 0.018 2176188416 1666484479.142731
144960 0.018 2178580480 1666484479.252695
145080 0.018 2181267456 1666484479.364641
145200 0.018 2183462912 1666484479.476575
145320 0.018 2185199616 1666484479.6089568
145440 0.018 2179252224 1666484479.714289
145560 0.018 2181414912 1666484479.8182578
145680 0.018 2183200768 1666484479.912048
145800 0.018 2185478144 1666484480.0153651
145920 0.018 2187739136 1666484480.1164658
146040 0.018 2189983744 1666484480.221876
146160 0.018 2192424960 1666484480.337151
146280 0.018 2194440192 1666484480.4472032
146400 0.018 2196422656 1666484480.550787
146520 0.018 2198618112 1666484480.649941
146640 0.018 2200797184 1666484480.748949
146760 0.018 2202599424 1666484480.843364
146880 0.018 2203910144 1666484480.9313228
147000 0.018 2205925376 1666484481.034349
147120 0.018 2196193280 1666484481.2206552
147240 0.018 2180612096 1666484481.3139331
147360 0.018 2182479872 1666484481.407629
147480 0.018 2184658944 1666484481.506898
147600 0.018 2186641408 1666484481.6034298
147720 0.018 2189066240 1666484481.705473
147840 0.019 2191441920 1666484481.809462
147960 0.019 2193719296 1666484481.920413
148080 0.019 2195636224 1666484482.020024
148200 0.019 2197749760 1666484482.119773
148320 0.019 2200354816 1666484482.227565
148440 0.019 2202189824 1666484482.329705
148560 0.019 2183643136 1666484482.429012
148680 0.019 2185789440 1666484482.529552
148800 0.019 2188083200 1666484482.6308942
148920 0.019 2190540800 1666484482.740192
149040 0.019 2193080320 1666484482.846794
149160 0.019 2194882560 1666484482.965237
149280 0.019 2189656064 1666484483.073544
149400 0.019 2192130048 1666484483.1827042
149520 0.019 2189361152 1666484483.283864
149640 0.019 2190901248 1666484483.3822238
149760 0.019 2192359424 1666484483.483476
149880 0.019 2119614464 1666484483.619335
150000 0.019 2117566464 1666484483.736355
150120 0.019 2115305472 1666484483.8425899
150240 0.019 2117287936 1666484483.949346
150360 0.019 2119237632 1666484484.054077
150480 0.019 2121367552 1666484484.158227
150600 0.019 2122891264 1666484484.271192
150720 0.019 2125643776 1666484484.382165
150840 0.019 2128019456 1666484484.4847481
150960 0.019 2129739776 1666484484.5758579
151080 0.019 2132082688 1666484484.675561
151200 0.019 2134458368 1666484484.783115
151320 0.019 2132279296 1666484484.888083
151440 0.019 2134409216 1666484484.99944
151560 0.019 2136621056 1666484485.1039848
151680 0.019 2138701824 1666484485.20992
151800 0.019 2141405184 1666484485.3215392
151920 0.019 2143944704 1666484485.434606
152040 0.019 2118303744 1666484485.540087
152160 0.019 2120728576 1666484485.647476
152280 0.019 2122940416 1666484485.7515268
152400 0.019 2124791808 1666484485.847466
152520 0.019 2126135296 1666484485.9387698
152640 0.019 2128052224 1666484486.053025
152760 0.019 2107883520 1666484486.238882
152880 0.019 2109112320 1666484486.33604
153000 0.019 2087370752 1666484486.433942
153120 0.019 2089910272 1666484486.535629
153240 0.019 2092072960 1666484486.64292
153360 0.019 2094301184 1666484486.7541928
153480 0.019 2096660480 1666484486.859675
153600 0.019 2098970624 1666484486.97414
153720 0.019 2101395456 1666484487.082787
153840 0.019 2092154880 1666484487.1899588
153960 0.019 2094809088 1666484487.302712
154080 0.019 2096857088 1666484487.405828
154200 0.019 2098610176 1666484487.5007591
154320 0.019 2101215232 1666484487.6038918
154440 0.019 2103443456 1666484487.715173
154560 0.019 2105950208 1666484487.818623
154680 0.019 2094366720 1666484487.9263868
154800 0.019 2096611328 1666484488.026734
154920 0.019 2075181056 1666484488.154621
155040 0.019 2077868032 1666484488.265794
155160 0.019 2072248320 1666484488.377907
155280 0.019 2074001408 1666484488.474849
155400 0.019 2075459584 1666484488.5636091
155520 0.019 2078441472 1666484488.6733959
155640 0.019 2080227328 1666484488.776285
155760 0.02 2081865728 1666484488.873121
155880 0.02 2083749888 1666484488.9711192
156000 0.02 2085945344 1666484489.074155
156120 0.02 2088468480 1666484489.180991
156240 0.02 2090401792 1666484489.282639
156360 0.02 2093105152 1666484489.391521
156480 0.02 2090942464 1666484489.523979
156600 0.02 2092728320 1666484489.625942
156720 0.02 2095284224 1666484489.7296221
156840 0.02 2097823744 1666484489.833395
156960 0.02 2099609600 1666484489.9258418
157080 0.02 2102067200 1666484490.029624
157200 0.02 2104475648 1666484490.137195
157320 0.02 2106769408 1666484490.244338
157440 0.02 2104590336 1666484490.3568
157560 0.02 2107015168 1666484490.465696
157680 0.02 2108932096 1666484490.570852
157800 0.02 2111438848 1666484490.708013
157920 0.02 2114093056 1666484490.820961
158040 0.02 2116124672 1666484490.9208908
158160 0.02 2117664768 1666484491.010196
158280 0.02 2119368704 1666484491.1031208
158400 0.02 2121940992 1666484491.2040691
158520 0.02 2123546624 1666484491.299336
158640 0.02 2125103104 1666484491.389424
158760 0.02 2127200256 1666484491.4891148
158880 0.02 2129166336 1666484491.586668
159000 0.02 2131099648 1666484491.681571
159120 0.02 2133458944 1666484491.7899451
159240 0.02 2135834624 1666484491.9246132
159360 0.02 2138128384 1666484492.0625951
159480 0.02 2140045312 1666484492.183058
159600 0.02 2142322688 1666484492.290967
159720 0.02 2144387072 1666484492.3980842
159840 0.02 2145779712 1666484492.490348
159960 0.02 2148007936 1666484492.593291
160080 0.02 2150121472 1666484492.69428
160200 0.02 2152251392 1666484492.79966
160320 0.02 2154708992 1666484492.9099789
160440 0.02 2156576768 1666484493.0141811
160560 0.02 2158903296 1666484493.1246238
160680 0.02 2159132672 1666484493.251528
160800 0.02 2161082368 1666484493.3604438
160920 0.02 2163032064 1666484493.465118
161040 0.02 2164015104 1666484493.553035
161160 0.02 2166751232 1666484493.6550221
161280 0.02 2168111104 1666484493.7502441
161400 0.02 2169094144 1666484493.835222
161520 0.02 2169126912 1666484493.9259698
161640 0.02 2170355712 1666484494.011372
161760 0.02 2171994112 1666484494.103501
161880 0.02 2173632512 1666484494.1958342
162000 0.02 2175975424 1666484494.297816
162120 0.02 2177515520 1666484494.390831
162240 0.02 2178990080 1666484494.4823968
162360 0.02 2180661248 1666484494.574662
162480 0.02 2175270912 1666484494.663072
162600 0.02 2176188416 1666484494.7444868
162720 0.02 2177646592 1666484494.833214
162840 0.02 2179104768 1666484494.9213061
162960 0.02 2180546560 1666484495.010953
163080 0.02 2182742016 1666484495.105964
163200 0.02 2184396800 1666484495.1999302
163320 0.02 2185854976 1666484495.287773
163440 0.02 2187821056 1666484495.38464
163560 0.02 2189819904 1666484495.4827788
163680 0.02 2191294464 1666484495.5712152
163800 0.021 2192523264 1666484495.65692
163920 0.021 2193735680 1666484495.748307
164040 0.021 2196602880 1666484495.850933
164160 0.021 2198241280 1666484495.94592
164280 0.021 2199912448 1666484496.0348
164400 0.021 2201845760 1666484496.1314912
164520 0.021 2204008448 1666484496.233106
164640 0.021 2206138368 1666484496.331745
164760 0.021 2208120832 1666484496.431712
164880 0.021 2210496512 1666484496.5406451
165000 0.021 2212544512 1666484496.6383748
165120 0.021 2214199296 1666484496.729609
165240 0.021 2216542208 1666484496.831851
165360 0.021 2218475520 1666484496.93666
165480 0.021 2220408832 1666484497.037992
165600 0.021 2222718976 1666484497.140542
165720 0.021 2224816128 1666484497.239247
165840 0.021 2226962432 1666484497.3445709
165960 0.021 2229043200 1666484497.449854
166080 0.021 2230976512 1666484497.5524201
166200 0.021 2232942592 1666484497.654492
166320 0.021 2234974208 1666484497.7528598
166440 0.021 2236940288 1666484497.848511
166560 0.021 2238676992 1666484497.945618
166680 0.021 2239954944 1666484498.0300648
166800 0.021 2242772992 1666484498.142869
166920 0.021 2244263936 1666484498.250187
167040 0.021 2245935104 1666484498.362137
167160 0.021 2247458816 1666484498.463125
167280 0.021 2249998336 1666484498.571795
167400 0.021 2252308480 1666484498.672975
167520 0.021 2254454784 1666484498.7751071
167640 0.021 2256814080 1666484498.8840818
167760 0.021 2258878464 1666484498.988204
167880 0.021 2260926464 1666484499.0889652
168000 0.021 2263007232 1666484499.186523
168120 0.021 2265415680 1666484499.289245
168240 0.021 2267414528 1666484499.386636
168360 0.021 2269249536 1666484499.484591
168480 0.021 2271461376 1666484499.58479
168600 0.021 2273804288 1666484499.695105
168720 0.021 2276179968 1666484499.802437
168840 0.021 2278359040 1666484499.9034398
168960 0.021 2280308736 1666484500.001098
169080 0.021 2282717184 1666484500.108664
169200 0.021 2285125632 1666484500.215075
169320 0.021 2286944256 1666484500.313946
169440 0.021 2288795648 1666484500.413394
169560 0.021 2290221056 1666484500.504916
169680 0.021 2293235712 1666484500.616944
169800 0.021 2294726656 1666484500.7199051
169920 0.021 2296020992 1666484500.820868
170040 0.021 2284994560 1666484500.93662
170160 0.021 2286813184 1666484501.035507
170280 0.021 2280308736 1666484501.147149
170400 0.021 2282569728 1666484501.2634602
170520 0.021 2276671488 1666484501.378926
170640 0.021 2278768640 1666484501.4787562
170760 0.021 2280456192 1666484501.576122
170880 0.021 2282618880 1666484501.6813052
171000 0.021 2239021056 1666484501.8092952
171120 0.021 2229862400 1666484501.921508
171240 0.021 2222997504 1666484502.053511
171360 0.021 2208972800 1666484502.172822
171480 0.021 2198568960 1666484502.2840068
171600 0.021 2191261696 1666484502.3890119
171720 0.022 2193178624 1666484502.495636
171840 0.022 2194931712 1666484502.596736
171960 0.022 2197143552 1666484502.702513
172080 0.022 2199257088 1666484502.8086169
172200 0.022 2201075712 1666484502.917461
172320 0.022 2184642560 1666484503.019307
172440 0.022 2186526720 1666484503.113096
172560 0.022 2189115392 1666484503.218538
172680 0.022 2184003584 1666484503.3131719
172800 0.022 2185625600 1666484503.405611
172920 0.022 2187591680 1666484503.5100129
173040 0.022 2189524992 1666484503.6057332
173160 0.022 2171273216 1666484503.7030752
173280 0.022 2173304832 1666484503.805778
173400 0.022 2175385600 1666484503.902288
173520 0.022 2177253376 1666484504.002259
173640 0.022 2179235840 1666484504.11117
173760 0.022 2181070848 1666484504.21256
173880 0.022 2171813888 1666484504.3174798
174000 0.022 2173566976 1666484504.415392
174120 0.022 2175434752 1666484504.5200808
174240 0.022 2177335296 1666484504.6232471
174360 0.022 2179268608 1666484504.7287219
174480 0.022 2168504320 1666484504.8460412
174600 0.022 2170388480 1666484504.9549272
174720 0.022 2172272640 1666484505.0625129
174840 0.022 2174730240 1666484505.171232
174960 0.022 2176352256 1666484505.265502
175080 0.022 2159558656 1666484505.361671
175200 0.022 2161049600 1666484505.45364
175320 0.022 2148925440 1666484505.56845
175440 0.022 2150121472 1666484505.67241
175560 0.022 2151563264 1666484505.764517
175680 0.022 2153250816 1666484505.861396
175800 0.022 2155233280 1666484505.961683
175920 0.022 2157133824 1666484506.062546
176040 0.022 2145894400 1666484506.189255
176160 0.022 2148188160 1666484506.295357
176280 0.022 2150187008 1666484506.396589
176400 0.022 2151890944 1666484506.495471
176520 0.022 2153791488 1666484506.593765
176640 0.022 2155397120 1666484506.7094889
176760 0.022 2156920832 1666484506.8520489
176880 0.022 2158903296 1666484506.9743848
177000 0.022 2160689152 1666484507.074796
177120 0.022 2162753536 1666484507.1741471
177240 0.022 2164916224 1666484507.2818089
177360 0.022 2166685696 1666484507.378666
177480 0.022 2168406016 1666484507.475859
177600 0.022 2170519552 1666484507.580097
177720 0.022 2172469248 1666484507.6769202
177840 0.022 2174222336 1666484507.774236
177960 0.022 2175565824 1666484507.867421
178080 0.022 2177253376 1666484507.9596531
178200 0.022 2180022272 1666484508.101541
178320 0.022 2180923392 1666484508.190794
178440 0.022 2182479872 1666484508.281954
178560 0.022 2184429568 1666484508.377889
178680 0.022 2186330112 1666484508.472469
178800 0.022 2188017664 1666484508.566027
178920 0.022 2190032896 1666484508.6633751
179040 0.022 2192031744 1666484508.764392
179160 0.022 2194112512 1666484508.863803
179280 0.022 2195865600 1666484508.955287
179400 0.022 2197815296 1666484509.052466
179520 0.022 2198601728 1666484509.148184
179640 0.022 2200190976 1666484509.2377338
179760 0.023 2202238976 1666484509.333639
179880 0.023 2198126592 1666484509.433563
180000 0.023 2199748608 1666484509.527436
180120 0.023 2201616384 1666484509.6219652
180240 0.023 2203566080 1666484509.715738
180360 0.023 2205351936 1666484509.808198
180480 0.023 2207350784 1666484509.904308
180600 0.023 2209284096 1666484510.000619
180720 0.023 2210840576 1666484510.0887969
180840 0.023 2212265984 1666484510.1770098
180960 0.023 2215084032 1666484510.281168
181080 0.023 2216148992 1666484510.3734431
181200 0.023 2217852928 1666484510.462301
181320 0.023 2219360256 1666484510.551726
181440 0.023 2221539328 1666484510.6484532
181560 0.023 2219950080 1666484510.750139
181680 0.023 2221555712 1666484510.843491
181800 0.023 2223783936 1666484510.942086
181920 0.023 2225520640 1666484511.036746
182040 0.023 2227044352 1666484511.12739
182160 0.023 2229092352 1666484511.222076
182280 0.023 2230829056 1666484511.3172202
182400 0.023 2232631296 1666484511.407595
182520 0.023 2234433536 1666484511.5014248
182640 0.023 2236268544 1666484511.594379
182760 0.023 2238185472 1666484511.689125
182880 0.023 2239954944 1666484511.781297
183000 0.023 2241757184 1666484511.874914
183120 0.023 2243395584 1666484511.964475
183240 0.023 2245361664 1666484512.057442
183360 0.023 2247426048 1666484512.1553228
183480 0.023 2249244672 1666484512.2492049
183600 0.023 2250506240 1666484512.3365078
183720 0.023 2251866112 1666484512.4264379
183840 0.023 2254290944 1666484512.523391
183960 0.023 2255667200 1666484512.616066
184080 0.023 2257108992 1666484512.704314
184200 0.023 2258911232 1666484512.799874
184320 0.023 2260959232 1666484512.895356
184440 0.023 2262777856 1666484512.990248
184560 0.023 2264743936 1666484513.085797
184680 0.023 2266660864 1666484513.179992
184800 0.023 2268577792 1666484513.27523
184920 0.023 2270265344 1666484513.366344
185040 0.023 2272051200 1666484513.459368
185160 0.023 2273869824 1666484513.5504289
185280 0.023 2275426304 1666484513.639679
185400 0.023 2277539840 1666484513.736017
185520 0.023 2279604224 1666484513.833565
185640 0.023 2281390080 1666484513.924716
185760 0.023 2283290624 1666484514.019427
185880 0.023 2284847104 1666484514.113746
186000 0.023 2286845952 1666484514.209362
186120 0.023 2288812032 1666484514.302177
186240 0.023 2290499584 1666484514.3932428
186360 0.023 2292334592 1666484514.488499
186480 0.023 2293235712 1666484514.569066
186600 0.023 2296168448 1666484514.6774158
186720 0.023 2297085952 1666484514.7666078
186840 0.023 2298724352 1666484514.860994
186960 0.023 2300231680 1666484514.9511108
187080 0.023 2302361600 1666484515.047371
187200 0.023 2304049152 1666484515.141085
187320 0.023 2305851392 1666484515.2323148
187440 0.023 2300133376 1666484515.3503292
187560 0.023 2291892224 1666484515.465164
187680 0.024 2293350400 1666484515.557764
187800 0.024 2295365632 1666484515.6613781
187920 0.024 2297217024 1666484515.7580328
188040 0.024 2272657408 1666484515.870356
188160 0.024 2274377728 1666484515.9641988
188280 0.024 2276376576 1666484516.060101
188400 0.024 2278195200 1666484516.160098
188520 0.024 2266480640 1666484516.260576
188640 0.024 2268151808 1666484516.3513641
188760 0.024 2270101504 1666484516.443924
188880 0.024 2271969280 1666484516.540877
189000 0.024 2273656832 1666484516.633816
189120 0.024 2275196928 1666484516.7230139
189240 0.024 2276769792 1666484516.812534
189360 0.024 2277933056 1666484516.903426
189480 0.024 2279915520 1666484517.041566
189600 0.024 2281095168 1666484517.1335511
189720 0.024 2282307584 1666484517.219444
189840 0.024 2284077056 1666484517.311977
189960 0.024 2285617152 1666484517.4031942
190080 0.024 2273329152 1666484517.4997172
190200 0.024 2275000320 1666484517.590677
190320 0.024 2276868096 1666484517.68535
190440 0.024 2278375424 1666484517.77772
190560 0.024 2279882752 1666484517.868026
190680 0.024 2281472000 1666484517.959284
190800 0.024 2282962944 1666484518.051235
190920 0.024 2284388352 1666484518.139735
191040 0.024 2286043136 1666484518.23051
191160 0.024 2287648768 1666484518.343374
191280 0.024 2289385472 1666484518.4406028
191400 0.024 2287796224 1666484518.53845
191520 0.024 2289090560 1666484518.628036
191640 0.024 2290827264 1666484518.721047
191760 0.024 2292334592 1666484518.809428
191880 0.024 2293940224 1666484518.897323
192000 0.024 2295365632 1666484518.991201
192120 0.024 2296414208 1666484519.07614
192240 0.024 2298970112 1666484519.22959
192360 0.024 2289762304 1666484519.3157241
192480 0.024 2291040256 1666484519.4018822
192600 0.024 2292563968 1666484519.491439
192720 0.024 2294251520 1666484519.5826812
192840 0.024 2295726080 1666484519.671556
192960 0.024 2297380864 1666484519.7608058
193080 0.024 2298839040 1666484519.851476
193200 0.024 2300379136 1666484519.942347
193320 0.024 2301771776 1666484520.030624
193440 0.024 2303262720 1666484520.1202571
193560 0.024 2297020416 1666484520.221371
193680 0.024 2298642432 1666484520.3132281
193800 0.024 2299871232 1666484520.399342
193920 0.024 2301263872 1666484520.484351
194040 0.024 2303016960 1666484520.574723
194160 0.024 2304409600 1666484520.662836
194280 0.024 2305851392 1666484520.753408
194400 0.024 2307424256 1666484520.84376
194520 0.024 2308947968 1666484520.934939
194640 0.024 2310422528 1666484521.0237372
194760 0.024 2311553024 1666484521.109357
194880 0.024 2313093120 1666484521.196362
195000 0.024 2314190848 1666484521.2815208
195120 0.024 2306326528 1666484521.382306
195240 0.024 2307276800 1666484521.472067
195360 0.024 2308390912 1666484521.555158
195480 0.024 2309881856 1666484521.643669
195600 0.024 2311323648 1666484521.7301571
195720 0.025 2313043968 1666484521.8200011
195840 0.025 2314928128 1666484521.9161952
195960 0.025 2316533760 1666484522.007541
196080 0.025 2317778944 1666484522.09459
196200 0.025 2302836736 1666484522.186047
196320 0.025 2304409600 1666484522.275601
196440 0.025 2305933312 1666484522.3670661
196560 0.025 2307047424 1666484522.453461
196680 0.025 2293301248 1666484522.546554
196800 0.025 2294792192 1666484522.636673
196920 0.025 2296233984 1666484522.7252638
197040 0.025 2297954304 1666484522.81706
197160 0.025 2299281408 1666484522.907891
197280 0.025 2300903424 1666484523.003509
197400 0.025 2302541824 1666484523.095582
197520 0.025 2304180224 1666484523.18728
197640 0.025 2305654784 1666484523.273556
197760 0.025 2306621440 1666484523.356443
197880 0.025 2308407296 1666484523.44812
198000 0.025 2297741312 1666484523.542123
198120 0.025 2299150336 1666484523.6289432
198240 0.025 2300526592 1666484523.716906
198360 0.025 2302033920 1666484523.804629
198480 0.025 2303655936 1666484523.894325
198600 0.025 2305163264 1666484523.9832802
198720 0.025 2297757696 1666484524.081505
198840 0.025 2299281408 1666484524.171911
198960 0.025 2300592128 1666484524.2579641
199080 0.025 2302083072 1666484524.347454
199200 0.025 2292793344 1666484524.447328
199320 0.025 2293923840 1666484524.52864
199440 0.025 2295463936 1666484524.61555
199560 0.025 2297135104 1666484524.705055
199680 0.025 2298707968 1666484524.7975402
199800 0.025 2300428288 1666484524.892473
199920 0.025 2302083072 1666484524.986136
200040 0.025 2298200064 1666484525.0774322
200160 0.025 2299936768 1666484525.16957
200280 0.025 2301607936 1666484525.2599528
200400 0.025 2302951424 1666484525.3475251
200520 0.025 2304262144 1666484525.441202
200640 0.025 2305327104 1666484525.525097
200760 0.025 2304557056 1666484525.631938
200880 0.025 2305441792 1666484525.721631
201000 0.025 2306572288 1666484525.804842
201120 0.025 2308505600 1666484525.900825
201240 0.025 2309685248 1666484525.98624
201360 0.025 2311192576 1666484526.077568
201480 0.025 2313420800 1666484526.175626
201600 0.025 2314928128 1666484526.267089
201720 0.025 2316533760 1666484526.357206
201840 0.025 2318057472 1666484526.446651
201960 0.025 2319712256 1666484526.539519
202080 0.025 2321088512 1666484526.628831
202200 0.025 2322153472 1666484526.712554
202320 0.025 2323546112 1666484526.800521
202440 0.025 2325250048 1666484526.8930051
202560 0.025 2326577152 1666484526.9824011
202680 0.025 2328444928 1666484527.081723
202800 0.025 2330066944 1666484527.177069
202920 0.025 2331803648 1666484527.27046
203040 0.025 2333786112 1666484527.368112
203160 0.025 2335473664 1666484527.460473
203280 0.025 2336866304 1666484527.5486999
203400 0.025 2337800192 1666484527.629159
203520 0.025 2339405824 1666484527.720791
203640 0.025 2340225024 1666484527.815514
203760 0.026 2341634048 1666484527.902882
203880 0.026 2343075840 1666484527.994292
204000 0.026 2344861696 1666484528.087295
204120 0.026 2346237952 1666484528.175549
204240 0.026 2348138496 1666484528.2682052
204360 0.026 2350317568 1666484528.3656871
204480 0.026 2351824896 1666484528.458848
204600 0.026 2353102848 1666484528.547044
204720 0.026 2354872320 1666484528.6409228
204840 0.026 2356772864 1666484528.7349162
204960 0.026 2358067200 1666484528.8195572
205080 0.026 2359230464 1666484528.905709
205200 0.026 2360655872 1666484528.998422
205320 0.026 2362146816 1666484529.091615
205440 0.026 2363932672 1666484529.187644
205560 0.026 2366160896 1666484529.286321
205680 0.026 2367422464 1666484529.372722
205800 0.026 2369388544 1666484529.469297
205920 0.026 2371452928 1666484529.567379
206040 0.026 2372927488 1666484529.6575181
206160 0.026 2374221824 1666484529.74501
206280 0.026 2375598080 1666484529.830365
206400 0.026 2378448896 1666484529.976501
206520 0.026 2380087296 1666484530.076416
206640 0.026 2377007104 1666484530.172954
206760 0.026 2378907648 1666484530.2716858
206880 0.026 2381152256 1666484530.371166
207000 0.026 2383478784 1666484530.471794
207120 0.026 2385641472 1666484530.570806
207240 0.026 2388377600 1666484530.676126
207360 0.026 2390687744 1666484530.778494
207480 0.026 2392391680 1666484530.8754659
207600 0.026 2394832896 1666484530.9868748
207720 0.026 2397143040 1666484531.091742
207840 0.026 2398879744 1666484531.1860878
207960 0.026 2401337344 1666484531.290158
208080 0.026 2403565568 1666484531.390625
208200 0.026 2405908480 1666484531.492185
208320 0.026 2408497152 1666484531.5966122
208440 0.026 2410463232 1666484531.693343
208560 0.026 2412625920 1666484531.793178
208680 0.026 2415001600 1666484531.894444
208800 0.026 2417491968 1666484531.9976692
208920 0.026 2419654656 1666484532.095634
209040 0.026 2421047296 1666484532.186122
209160 0.026 2422833152 1666484532.278027
209280 0.026 2425585664 1666484532.383204
209400 0.026 2427404288 1666484532.480087
209520 0.026 2429321216 1666484532.577761
209640 0.026 2431664128 1666484532.680201
209760 0.026 2434088960 1666484532.782568
209880 0.026 2436087808 1666484532.882954
210000 0.026 2438381568 1666484532.983833
210120 0.026 2440642560 1666484533.087222
210240 0.026 2440839168 1666484533.1913779
210360 0.026 2277031936 1666484533.353469
210480 0.026 2275295232 1666484533.474258
210600 0.026 2277441536 1666484533.576947
210720 0.026 2279522304 1666484533.6751611
210840 0.026 2281897984 1666484533.778555
210960 0.026 2271215616 1666484533.954716
211080 0.026 2261860352 1666484534.097249
211200 0.026 2255306752 1666484534.212075
211320 0.026 2242609152 1666484534.37361
211440 0.026 2234613760 1666484534.520122
211560 0.026 2237218816 1666484534.623882
211680 0.027 2239365120 1666484534.726409
211800 0.027 2241445888 1666484534.8254652
211920 0.027 2242805760 1666484534.9290931
212040 0.027 2245705728 1666484535.10978
212160 0.027 2247376896 1666484535.21085
212280 0.027 2249261056 1666484535.312494
212400 0.027 2251128832 1666484535.4356108
212520 0.027 2253127680 1666484535.544988
212640 0.027 2255585280 1666484535.6500978
212760 0.027 2257698816 1666484535.7524
212880 0.027 2260287488 1666484535.87437
213000 0.027 2262581248 1666484535.9790049
213120 0.027 2263252992 1666484536.098977
213240 0.027 2265808896 1666484536.207763
213360 0.027 2268151808 1666484536.312374
213480 0.027 2269642752 1666484536.40661
213600 0.027 2272051200 1666484536.508047
213720 0.027 2274246656 1666484536.625212
213840 0.027 2260221952 1666484536.796393
213960 0.027 2262810624 1666484536.906822
214080 0.027 2265432064 1666484537.015523
214200 0.027 2267332608 1666484537.118041
214320 0.027 2268446720 1666484537.293016
214440 0.027 2271166464 1666484537.398616
214560 0.027 2268839936 1666484537.502859
214680 0.027 2270068736 1666484537.601248
214800 0.027 2265382912 1666484537.7553291
214920 0.027 2268135424 1666484537.882756
215040 0.027 2269134848 1666484537.988102
215160 0.027 2269151232 1666484538.090389
215280 0.027 2271346688 1666484538.221451
215400 0.027 2273116160 1666484538.341082
215520 0.027 2273165312 1666484538.468965
215640 0.027 2275655680 1666484538.575573
215760 0.027 2278014976 1666484538.67903
215880 0.027 2280259584 1666484538.7908428
216000 0.027 2282094592 1666484538.903229
216120 0.027 2284503040 1666484539.012457
216240 0.027 2286632960 1666484539.121186
216360 0.027 2288123904 1666484539.2175202
216480 0.027 2290171904 1666484539.327907
216600 0.027 2286977024 1666484539.472564
216720 0.027 2282094592 1666484539.64853
216840 0.027 2284552192 1666484539.7728581
216960 0.027 2286813184 1666484539.882826
217080 0.027 2287697920 1666484539.987226
217200 0.027 2290253824 1666484540.0951722
217320 0.027 2292514816 1666484540.203937
217440 0.027 2294185984 1666484540.3005939
217560 0.027 2295447552 1666484540.3906791
217680 0.027 2297315328 1666484540.514807
217800 0.027 2298773504 1666484540.6155572
217920 0.027 2297118720 1666484540.732705
218040 0.027 2298757120 1666484540.824618
218160 0.027 2301100032 1666484540.9257338
218280 0.027 2303016960 1666484541.023618
218400 0.027 2304196608 1666484541.125707
218520 0.027 2306457600 1666484541.228232
218640 0.027 2307571712 1666484541.328327
218760 0.027 2309521408 1666484541.426956
218880 0.027 2311471104 1666484541.524205
219000 0.027 2309439488 1666484541.623435
219120 0.027 2311241728 1666484541.7160268
219240 0.027 2312208384 1666484541.830424
219360 0.027 2314092544 1666484541.928994
219480 0.027 2315321344 1666484542.032958
219600 0.027 2317172736 1666484542.136018
219720 0.028 2319187968 1666484542.250447
219840 0.028 2319450112 1666484542.375206
219960 0.028 2318483456 1666484542.488681
220080 0.028 2320646144 1666484542.60682
220200 0.028 2320236544 1666484542.6984189
220320 0.028 2321842176 1666484542.791758
220440 0.028 2323447808 1666484542.884017
220560 0.028 2326544384 1666484542.995123
220680 0.028 2325118976 1666484543.113527
220800 0.028 2326429696 1666484543.198577
220920 0.028 2328248320 1666484543.2919
221040 0.028 2330017792 1666484543.391894
221160 0.028 2328018944 1666484543.491321
221280 0.028 2330279936 1666484543.592669
221400 0.028 2332278784 1666484543.691818
221520 0.028 2334375936 1666484543.7900631
221640 0.028 2335817728 1666484543.883101
221760 0.028 2337980416 1666484543.9827452
221880 0.028 2339717120 1666484544.0763378
222000 0.028 2341404672 1666484544.169035
222120 0.028 2340798464 1666484544.277285
222240 0.028 2342617088 1666484544.373336
222360 0.028 2344239104 1666484544.465902
222480 0.028 2346500096 1666484544.564503
222600 0.028 2333229056 1666484544.699695
222720 0.028 2333114368 1666484544.8164768
222840 0.028 2335096832 1666484544.921804
222960 0.028 2337128448 1666484545.0281742
223080 0.028 2338766848 1666484545.121557
223200 0.028 2337308672 1666484545.214619
223320 0.028 2331525120 1666484545.3405042
223440 0.028 2326839296 1666484545.56321
223560 0.028 2327740416 1666484545.652302
223680 0.028 2329395200 1666484545.74112
223800 0.028 2331492352 1666484545.838392
223920 0.028 2333540352 1666484545.9353971
224040 0.028 2335440896 1666484546.03575
224160 0.028 2334457856 1666484546.1539001
224280 0.028 2336325632 1666484546.2465332
224400 0.028 2338275328 1666484546.342487
224520 0.028 2340208640 1666484546.436049
224640 0.028 2340634624 1666484546.543763
224760 0.028 2342469632 1666484546.636239
224880 0.028 2343993344 1666484546.72779
225000 0.028 2345746432 1666484546.823756
225120 0.028 2347286528 1666484546.931052
225240 0.028 2349006848 1666484547.025318
225360 0.028 2351005696 1666484547.1211278
225480 0.028 2352971776 1666484547.220475
225600 0.028 2355134464 1666484547.320207
225720 0.028 2355019776 1666484547.424067
225840 0.028 2356510720 1666484547.517386
225960 0.028 2358099968 1666484547.6102972
226080 0.028 2359672832 1666484547.701471
226200 0.028 2362818560 1666484547.807553
226320 0.028 2364227584 1666484547.904172
226440 0.028 2365358080 1666484547.990562
226560 0.028 2366832640 1666484548.083263
226680 0.028 2368274432 1666484548.177876
226800 0.028 2370371584 1666484548.274821
226920 0.028 2372485120 1666484548.373783
227040 0.028 2374467584 1666484548.468093
227160 0.028 2376105984 1666484548.559577
227280 0.028 2377662464 1666484548.6484401
227400 0.028 2379513856 1666484548.7425978
227520 0.028 2381299712 1666484548.836663
227640 0.029 2382544896 1666484548.9224
227760 0.029 2384527360 1666484549.017784
227880 0.029 2386214912 1666484549.112911
228000 0.029 2387722240 1666484549.205281
228120 0.029 2389721088 1666484549.3013172
228240 0.029 2391244800 1666484549.392357
228360 0.029 2393096192 1666484549.49017
228480 0.029 2395373568 1666484549.58999
228600 0.029 2397061120 1666484549.683713
228720 0.029 2398781440 1666484549.788505
228840 0.029 2399895552 1666484549.871579
228960 0.029 2402041856 1666484549.963234
229080 0.029 2402254848 1666484550.065969
229200 0.029 2403139584 1666484550.152087
229320 0.029 2404761600 1666484550.2409751
229440 0.029 2406612992 1666484550.33542
229560 0.029 2408431616 1666484550.4318578
229680 0.029 2409971712 1666484550.5246458
229800 0.029 2411823104 1666484550.620064
229920 0.029 2413510656 1666484550.712648
230040 0.029 2415165440 1666484550.806305
230160 0.029 2416934912 1666484550.8984902
230280 0.029 2418294784 1666484550.9890308
230400 0.029 2419965952 1666484551.0805829
230520 0.029 2421456896 1666484551.1690722
230640 0.029 2422915072 1666484551.2593012
230760 0.029 2424979456 1666484551.358352
230880 0.029 2426470400 1666484551.450065
231000 0.029 2428256256 1666484551.545141
231120 0.029 2429943808 1666484551.6378229
231240 0.029 2431680512 1666484551.73276
231360 0.029 2433875968 1666484551.8322618
231480 0.029 2435432448 1666484551.919533
231600 0.029 2436825088 1666484552.007484
231720 0.029 2438135808 1666484552.093322
231840 0.029 2441183232 1666484552.1989639
231960 0.029 2442461184 1666484552.297718
232080 0.029 2443591680 1666484552.3837628
232200 0.029 2445082624 1666484552.478081
232320 0.029 2446704640 1666484552.570255
232440 0.029 2448605184 1666484552.662878
232560 0.029 2450309120 1666484552.755702
232680 0.029 2452209664 1666484552.849848
232800 0.029 2453618688 1666484552.938097
232920 0.029 2455224320 1666484553.030142
233040 0.029 2456895488 1666484553.123277
233160 0.029 2458583040 1666484553.2156742
233280 0.029 2459795456 1666484553.301731
233400 0.029 2461597696 1666484553.3928561
233520 0.029 2463301632 1666484553.4844851
233640 0.029 2464743424 1666484553.576982
233760 0.029 2466512896 1666484553.670366
233880 0.029 2467610624 1666484553.756379
234000 0.029 2469462016 1666484553.8494349
234120 0.029 2471460864 1666484553.9493198
234240 0.029 2473148416 1666484554.043008
234360 0.029 2474491904 1666484554.132256
234480 0.029 2475802624 1666484554.219709
234600 0.029 2475442176 1666484554.326346
234720 0.029 2477932544 1666484554.417006
234840 0.029 2479063040 1666484554.50683
234960 0.029 2480455680 1666484554.591702
235080 0.029 2481913856 1666484554.682625
235200 0.029 2483486720 1666484554.7752361
235320 0.029 2484830208 1666484554.8649511
235440 0.029 2480029696 1666484554.962548
235560 0.029 2481487872 1666484555.0548851
235680 0.03 2483322880 1666484555.144672
235800 0.03 2484600832 1666484555.2345018
235920 0.03 2485977088 1666484555.324482
236040 0.03 2487418880 1666484555.414807
236160 0.03 2488778752 1666484555.5012732
236280 0.03 2489942016 1666484555.588702
236400 0.03 2491580416 1666484555.683109
236520 0.03 2492907520 1666484555.772802
236640 0.03 2494267392 1666484555.8635678
236760 0.03 2495954944 1666484555.956795
236880 0.03 2497576960 1666484556.0488691
237000 0.03 2499035136 1666484556.144331
237120 0.03 2500444160 1666484556.23327
237240 0.03 2501853184 1666484556.320182
237360 0.03 2502770688 1666484556.402592
237480 0.03 2505555968 1666484556.508225
237600 0.03 2506539008 1666484556.5997708
237720 0.03 2504704000 1666484556.687128
237840 0.03 2505916416 1666484556.771452
237960 0.03 2507456512 1666484556.8622332
238080 0.03 2508881920 1666484556.954249
238200 0.03 2510061568 1666484557.0384252
238320 0.03 2511896576 1666484557.1327128
238440 0.03 2513518592 1666484557.225868
238560 0.03 2514894848 1666484557.319525
238680 0.03 2516402176 1666484557.410902
238800 0.03 2517925888 1666484557.5004952
238920 0.03 2519154688 1666484557.596218
239040 0.03 2520530944 1666484557.688952
239160 0.03 2521874432 1666484557.779128
239280 0.03 2523496448 1666484557.8705049
239400 0.03 2525052928 1666484557.9626281
239520 0.03 2526822400 1666484558.056921
239640 0.03 2527559680 1666484558.143146
239760 0.03 2528952320 1666484558.2308989
239880 0.03 2530426880 1666484558.320789
240000 0.03 2531803136 1666484558.40901
240120 0.03 2532950016 1666484558.495299
240240 0.03 2534146048 1666484558.5785542
240360 0.03 2536849408 1666484558.670791
240480 0.03 2537259008 1666484558.752909
240600 0.03 2538422272 1666484558.83935
240720 0.03 2539683840 1666484558.9257479
240840 0.03 2540879872 1666484559.010336
240960 0.03 2536112128 1666484559.09697
241080 0.03 2537570304 1666484559.187558
241200 0.03 2538586112 1666484559.2724428
241320 0.03 2539716608 1666484559.3569121
241440 0.03 2541109248 1666484559.446867
241560 0.03 2530295808 1666484559.534948
241680 0.03 2531360768 1666484559.616687
241800 0.03 2532261888 1666484559.704177
241920 0.03 2533212160 1666484559.7887008
242040 0.03 2534293504 1666484559.8730502
242160 0.03 2535669760 1666484559.959949
242280 0.03 2537144320 1666484560.049902
242400 0.03 2428256256 1666484560.46477
242520 0.03 2419687424 1666484560.667896
242640 0.03 2304147456 1666484561.144171
242760 0.03 2413461504 1666484561.5411358
242880 0.03 2415132672 1666484561.6438
243000 0.03 2390720512 1666484561.8964539
243120 0.03 2414477312 1666484562.150152
243240 0.03 2369798144 1666484562.586004
243360 0.03 2305769472 1666484562.9772701
243480 0.03 2367881216 1666484563.500167
243600 0.031 2416836608 1666484563.7407339
243720 0.031 2365014016 1666484564.156523
243840 0.031 2420146176 1666484564.396818
243960 0.031 2422292480 1666484564.482204
244080 0.031 2424487936 1666484564.5737789
244200 0.031 2425880576 1666484564.665256
244320 0.031 2427535360 1666484564.759521
244440 0.031 2429190144 1666484564.84413
244560 0.031 2430582784 1666484564.930454
244680 0.031 2432401408 1666484565.0206878
244800 0.031 2433761280 1666484565.1069498
244920 0.031 2435235840 1666484565.1954088
245040 0.031 2436743168 1666484565.286554
245160 0.031 2438103040 1666484565.382025
245280 0.031 2438987776 1666484565.4686568
245400 0.031 2440134656 1666484565.581263
245520 0.031 2439053312 1666484565.704829
245640 0.031 2438742016 1666484565.814496
245760 0.031 2434400256 1666484565.9853692
245880 0.031 2406678528 1666484566.27074
246000 0.031 2435858432 1666484566.735051
246120 0.031 2404941824 1666484567.188329
246240 0.031 2437562368 1666484567.379681
246360 0.031 2439626752 1666484567.466979
246480 0.031 2441658368 1666484567.557104
246600 0.031 2443493376 1666484567.64622
246720 0.031 2445770752 1666484567.742432
246840 0.031 2447327232 1666484567.857673
246960 0.031 2410725376 1666484568.029473
247080 0.031 2418262016 1666484568.2055528
247200 0.031 2440937472 1666484568.3244832
247320 0.031 2442166272 1666484568.429274
247440 0.031 2443116544 1666484568.5360708
247560 0.031 2372206592 1666484568.701705
247680 0.031 2383527936 1666484569.260333
247800 0.031 2317516800 1666484570.014165
247920 0.031 2281816064 1666484570.857748
248040 0.031 2293121024 1666484571.694936
248160 0.031 2372812800 1666484572.5256388
248280 0.031 2381266944 1666484573.368184
248400 0.031 2415411200 1666484574.2723331
248520 0.031 2443542528 1666484574.772985
248640 0.031 2445705216 1666484574.852248
248760 0.031 2447540224 1666484574.937868
248880 0.031 2452078592 1666484575.028471
249000 0.031 2453422080 1666484575.107311
249120 0.031 2455486464 1666484575.1964328
249240 0.031 2456993792 1666484575.282911
249360 0.031 2458746880 1666484575.369893
249480 0.031 2460385280 1666484575.4537358
249600 0.031 2462892032 1666484575.555678
249720 0.031 2464595968 1666484575.641885
249840 0.031 2466168832 1666484575.7450109
249960 0.031 2467905536 1666484575.833164
250080 0.031 2469543936 1666484575.9205172
250200 0.031 2470739968 1666484576.008687
250320 0.031 2466824192 1666484576.1397948
250440 0.031 2466185216 1666484576.2369258
250560 0.031 2466447360 1666484576.342792
250680 0.031 2468741120 1666484576.457333
250800 0.031 2469298176 1666484576.581724
250920 0.031 2470756352 1666484576.665217
251040 0.031 2472542208 1666484576.756922
251160 0.031 2474721280 1666484576.85198
251280 0.031 2476130304 1666484576.938794
251400 0.031 2477408256 1666484577.025075
251520 0.031 2478669824 1666484577.112906
251640 0.032 2481897472 1666484577.214426
251760 0.032 2482946048 1666484577.3022091
251880 0.032 2484404224 1666484577.3861918
252000 0.032 2486353920 1666484577.4760761
252120 0.032 2487926784 1666484577.562763
252240 0.032 2487648256 1666484577.65244
252360 0.032 2489810944 1666484577.7478452
252480 0.032 2491285504 1666484577.8386948
252600 0.032 2492891136 1666484577.9381719
252720 0.032 2494414848 1666484578.02585
252840 0.032 2495954944 1666484578.139127
252960 0.032 2484879360 1666484578.281803
253080 0.032 2485682176 1666484578.382226
253200 0.032 2486140928 1666484578.55103
253320 0.032 2488221696 1666484578.638243
253440 0.032 2490040320 1666484578.7283268
253560 0.032 2492219392 1666484578.8237598
253680 0.032 2493857792 1666484578.91235
253800 0.032 2494316544 1666484579.003493
253920 0.032 2496200704 1666484579.097311
254040 0.032 2498052096 1666484579.1851761
254160 0.032 2498691072 1666484579.2965279
254280 0.032 2499772416 1666484579.376068
254400 0.032 2501591040 1666484579.4705331
254520 0.032 2495332352 1666484579.574381
254640 0.032 2493382656 1666484579.685049
254760 0.032 2495250432 1666484579.773609
254880 0.032 2496937984 1666484579.86642
255000 0.032 2498674688 1666484579.9539042
255120 0.032 2500427776 1666484580.044218
255240 0.032 2492907520 1666484580.231481
255360 0.032 2430763008 1666484580.53472
255480 0.032 2488123392 1666484581.2115462
255600 0.032 2303393792 1666484582.097046
255720 0.032 2346385408 1666484582.946561
255840 0.032 2488057856 1666484583.69412
255960 0.032 2489368576 1666484583.8599591
256080 0.032 2492203008 1666484583.96739
256200 0.032 2481963008 1666484584.221528
256320 0.032 2400337920 1666484584.760384
256440 0.032 2395045888 1666484585.514099
256560 0.032 2404941824 1666484586.3294878
256680 0.032 2464464896 1666484587.145726
256800 0.032 2466086912 1666484587.979611
256920 0.032 2451013632 1666484588.790532
257040 0.032 2354233344 1666484589.648803
257160 0.032 2253029376 1666484590.531976
257280 0.032 2382446592 1666484591.4775062
257400 0.032 2351464448 1666484592.341574
257520 0.032 2420211712 1666484593.2015738
257640 0.032 2369077248 1666484594.09724
257760 0.032 2344976384 1666484594.97038
257880 0.032 2245541888 1666484595.853185
258000 0.032 2343632896 1666484596.728876
258120 0.032 2372976640 1666484597.623807
258240 0.032 2341076992 1666484598.4763892
258360 0.032 2316845056 1666484599.3974311
258480 0.032 2348908544 1666484600.2653692
258600 0.032 2300248064 1666484601.137412
258720 0.032 2333212672 1666484602.026918
258840 0.032 2289942528 1666484602.892097
258960 0.032 2353725440 1666484603.7719061
259080 0.032 2272165888 1666484604.577756
259200 0.032 2377842688 1666484605.375682
259320 0.032 2451996672 1666484606.175244
259440 0.032 2069069824 1666484607.152981
259560 0.033 2106408960 1666484607.9624472
259680 0.033 2187067392 